1 20100 0.1652001291513443 0.2498627007007599 29.153736114501953 0.026274777948856354
1 20100 0.1582253873348236 0.24985098838806152 29.18456268310547 0.026337629184126854 0.024143263697624207 0.033847276121377945
1 20200 0.24425940215587616 0.24904008209705353 26.050294876098633 0.02674933522939682 0.03353462740778923 0.05406203866004944
1 20300 0.21366754174232483 0.2492469698190689 27.730844497680664 0.024814333766698837 0.032468803226947784 0.05408257618546486
1 20400 0.13354620337486267 0.24887123703956604 32.2899284362793 0.01675991527736187 0.021809110417962074 0.028095869347453117
1 20500 0.16234105825424194 0.24890045821666718 27.763586044311523 0.01764095388352871 0.025696108117699623 0.03799952566623688
1 20600 0.12878307700157166 0.248306006193161 34.605716705322266 0.011109762825071812 0.022344721481204033 0.030066322535276413
1 20700 0.14627984166145325 0.24764429032802582 30.931039810180664 0.020388944074511528 0.02226625196635723 0.03150365129113197
1 20800 0.1652202010154724 0.2467222958803177 29.127336502075195 0.013827706687152386 0.025365862995386124 0.04265569522976875
1 20900 0.19611167907714844 0.2476285696029663 27.87981605529785 0.02498285099864006 0.02879164181649685 0.04590325057506561
1 20100 0.21889665722846985 0.25098833441734314 28.957292556762695 0.03210543468594551 0.03507228568196297 0.0392167791724205
1 20200 0.234430730342865 0.24753719568252563 25.954111099243164 0.027104966342449188 0.03703998029232025 0.05302775651216507
1 20300 0.4716939926147461 0.24599328637123108 16.039325714111328 0.12475430220365524 0.06010444089770317 0.07204487919807434
1 20400 0.2687094211578369 0.24554677307605743 24.87332534790039 0.05565996840596199 0.0423494391143322 0.0689515620470047
1 20500 0.2332608848810196 0.24740135669708252 24.69847297668457 0.0221061110496521 0.023849820718169212 0.03444084897637367
1 20600 0.14853926002979279 0.24739709496498108 31.907176971435547 0.015219578519463539 0.026423374190926552 0.03358544781804085
1 20700 0.15107983350753784 0.24637439846992493 30.165897369384766 0.02551114931702614 0.024589022621512413 0.02986457198858261
1 20800 0.15958543121814728 0.25082823634147644 29.34431266784668 0.017617318779230118 0.03552083298563957 0.051336854696273804
1 20900 0.1779867708683014 0.24974560737609863 29.416263580322266 0.020286159589886665 0.032200198620557785 0.03915702551603317
1 21000 0.2812778353691101 0.24806547164916992 25.967676162719727 0.03857799619436264 0.04829195886850357 0.06448207795619965
1 21100 0.2573941946029663 0.246849924325943 24.00025749206543 0.03974590823054314 0.04243209958076477 0.069322869181633
1 21200 0.23713122308254242 0.24952432513237 27.480520248413086 0.019733676686882973 0.031700387597084045 0.03511368855834007
1 21300 0.2572512924671173 0.24886980652809143 29.439254760742188 0.015252522192895412 0.0443798266351223 0.038098085671663284
1 21400 0.22056080400943756 0.24830371141433716 26.777175903320312 0.028513245284557343 0.036771126091480255 0.048979151993989944
1 21500 0.2526237368583679 0.2453310787677765 23.796234130859375 0.04648659750819206 0.05593014508485794 0.07928863912820816
1 21600 0.15377932786941528 0.2517163157463074 28.91899299621582 0.023311182856559753 0.03448484092950821 0.044379428029060364
1 21700 0.2667723000049591 0.24844631552696228 21.28946304321289 0.04265455901622772 0.045085012912750244 0.05276220291852951
2 21800 0.29729700088500977 0.24890056252479553 31.321414947509766 0.008227091282606125 0.022765863686800003 0.026952199637889862
2 21900 0.2357637882232666 0.2510879635810852 26.06928825378418 0.03437671437859535 0.040117647498846054 0.054366011172533035
2 22000 0.18532082438468933 0.24716147780418396 28.914649963378906 0.022092755883932114 0.034000225365161896 0.054544173181056976
2 22100 0.32687392830848694 0.2458958625793457 25.85152816772461 0.04482625424861908 0.048177286982536316 0.054590921849012375
1 20100 0.3100373446941376 0.24229422211647034 24.91640281677246 0.07536522299051285 0.07480280846357346 0.1457376629114151
1 20200 0.30611172318458557 0.2471805214881897 23.49018096923828 0.045804399996995926 0.06059833988547325 0.09424800425767899
1 20100 0.3073260188102722 0.24209165573120117 25.047199249267578 0.07448688894510269 0.074569933116436 0.1457340270280838
1 20200 0.31919124722480774 0.24638812243938446 22.7603759765625 0.0504814051091671 0.06105129048228264 0.09543481469154358
1 20100 0.3063787817955017 0.24103981256484985 25.175357818603516 0.07366574555635452 0.07492882013320923 0.1466538906097412
1 20200 0.3098630905151367 0.2470099776983261 23.131601333618164 0.0485701858997345 0.05929308012127876 0.09618690609931946
1 20300 0.27376091480255127 0.24149402976036072 23.601804733276367 0.07216610759496689 0.07219363003969193 0.08930002152919769
1 20400 0.13311174511909485 0.25121942162513733 33.308494567871094 0.018155047670006752 0.02862994745373726 0.035845376551151276
1 20500 0.27224433422088623 0.2488287389278412 24.45624542236328 0.03691018745303154 0.06465043872594833 0.0929720401763916
1 20600 0.1846950650215149 0.24796098470687866 30.8985595703125 0.02496459148824215 0.04583955183625221 0.059554725885391235
1 20700 0.22664889693260193 0.2484012097120285 26.80811309814453 0.04495599493384361 0.05380774661898613 0.07381594181060791
1 20800 0.2675897479057312 0.2446759045124054 24.91010093688965 0.04199833422899246 0.07105235010385513 0.10046866536140442
1 20900 0.47506290674209595 0.2438431680202484 20.262239456176758 0.08410554379224777 0.09291604161262512 0.1579681932926178
1 21000 0.3448230028152466 0.24198846518993378 22.226783752441406 0.06899527460336685 0.07478120177984238 0.1478947550058365
1 21100 0.21164491772651672 0.2514495253562927 27.255830764770508 0.03255261480808258 0.05170854926109314 0.06050582975149155
1 21200 0.2665703296661377 0.24596357345581055 24.088916778564453 0.04281458258628845 0.06325065344572067 0.07827891409397125
1 21300 0.3153647184371948 0.2449166178703308 22.703807830810547 0.04868930205702782 0.07839556783437729 0.118087038397789
1 21400 0.314962774515152 0.24427002668380737 23.865379333496094 0.05888310447335243 0.08338665962219238 0.12734287977218628
1 21500 0.3246457874774933 0.24008411169052124 22.2071475982666 0.06175290420651436 0.08268081396818161 0.12409279495477676
1 21600 0.18534362316131592 0.24929511547088623 27.08057975769043 0.03165309131145477 0.039361875504255295 0.05051572248339653
1 21700 0.2824213206768036 0.24800115823745728 23.879371643066406 0.04103996604681015 0.05945490673184395 0.09561238437891006
2 21800 0.31834959983825684 0.24542236328125 22.92759132385254 0.06014348566532135 0.0841304287314415 0.1259995847940445
2 21900 0.21115729212760925 0.246652752161026 25.270477294921875 0.04015923663973808 0.04372076317667961 0.06889202445745468
2 22000 0.14919406175613403 0.2476571649312973 30.4397029876709 0.014277095906436443 0.025106269866228104 0.02639361284673214
2 22100 0.19506493210792542 0.2471913844347 28.148818969726562 0.032761093229055405 0.04143092781305313 0.05682748928666115
2 22200 0.22651788592338562 0.24264764785766602 25.889829635620117 0.04094330593943596 0.061653561890125275 0.0885234996676445
2 22300 0.15407487750053406 0.2494317889213562 32.13129425048828 0.01801234483718872 0.040077563375234604 0.0530213862657547
2 22400 0.2744738757610321 0.24673935770988464 26.09727668762207 0.041334666311740875 0.07077278941869736 0.10381098836660385
2 22500 0.2403104603290558 0.2438506782054901 25.249614715576172 0.033053599298000336 0.05152643471956253 0.07840185612440109
2 22600 0.18442992866039276 0.24399298429489136 26.9666690826416 0.03859303891658783 0.045223768800497055 0.04541826248168945
2 22700 0.15890012681484222 0.24585238099098206 30.319089889526367 0.031939033418893814 0.04077373817563057 0.04557423293590546
2 22800 0.2849208116531372 0.2413836121559143 22.239316940307617 0.09189844876527786 0.07130701839923859 0.09493352472782135
2 22900 0.17467209696769714 0.24554139375686646 27.72954559326172 0.03163211792707443 0.046970434486866 0.051863815635442734
2 23000 0.1103140264749527 0.24865084886550903 29.982345581054688 0.017589963972568512 0.029133586212992668 0.0347461961209774
2 23100 0.15771061182022095 0.2505555748939514 27.654760360717773 0.02008206397294998 0.030660632997751236 0.042783625423908234
2 23200 0.16308742761611938 0.25503432750701904 32.47720718383789 0.01184338890016079 0.030390242114663124 0.026817910373210907
2 23300 0.2294679880142212 0.2425471544265747 23.264114379882812 0.06506268680095673 0.06519974768161774 0.07655459642410278
2 23400 0.23224329948425293 0.24330031871795654 21.941974639892578 0.06842993199825287 0.06016786769032478 0.06818129867315292
2 23500 0.31954294443130493 0.24375441670417786 23.13513946533203 0.039226677268743515 0.046549830585718155 0.08167685568332672
3 23600 0.22168204188346863 0.24638833105564117 25.894474029541016 0.03870617598295212 0.05229758098721504 0.07233952730894089
3 23700 0.1522635966539383 0.24869149923324585 29.45195198059082 0.0246444009244442 0.035101134330034256 0.033024150878190994
3 23800 0.17154435813426971 0.24547222256660461 28.18012046813965 0.025921938940882683 0.04494653269648552 0.05539755895733833
3 23900 0.19087401032447815 0.247003436088562 27.126888275146484 0.03228878974914551 0.039794351905584335 0.05037707835435867
3 24000 0.28000742197036743 0.24335578083992004 22.692691802978516 0.06566120684146881 0.07375317066907883 0.10999678820371628
3 24100 0.25506946444511414 0.2416740357875824 24.18154525756836 0.04775011166930199 0.04395429044961929 0.04562443867325783
3 24200 0.2297656238079071 0.24325338006019592 24.82530403137207 0.04429549351334572 0.048156190663576126 0.06772076338529587
3 24300 0.23679649829864502 0.24442000687122345 22.674606323242188 0.050386689603328705 0.06831671297550201 0.09085867553949356
3 24400 0.21862074732780457 0.24568183720111847 24.601882934570312 0.04140380397439003 0.056079115718603134 0.07461873441934586
3 24500 0.3077049255371094 0.24282455444335938 22.139263153076172 0.059231095016002655 0.061984311789274216 0.07709037512540817
3 24600 0.2911284863948822 0.24165424704551697 22.684104919433594 0.07731309533119202 0.07320257276296616 0.09077697992324829
3 24700 0.276856929063797 0.24169614911079407 22.33830451965332 0.09320099651813507 0.06868014484643936 0.08321702480316162
3 24800 0.22282323241233826 0.2458375096321106 26.30807876586914 0.028170036152005196 0.045953020453453064 0.06457650661468506
3 24900 0.30906322598457336 0.2431800365447998 23.23138427734375 0.05611921101808548 0.08361946791410446 0.12118161469697952
3 25000 0.23805245757102966 0.2418515682220459 23.61872100830078 0.05262523517012596 0.06099614128470421 0.0829860046505928
3 25100 0.165513813495636 0.2497139573097229 27.007844924926758 0.034021466970443726 0.0357651524245739 0.039489567279815674
3 25200 0.23834805190563202 0.2456304132938385 25.67120933532715 0.035650018602609634 0.04511512070894241 0.06493689119815826
3 25300 0.1886274367570877 0.24521157145500183 24.71780776977539 0.0614396408200264 0.05383922532200813 0.05740619823336601
4 25400 0.18243508040905 0.24656888842582703 28.37822723388672 0.03671271726489067 0.045865632593631744 0.05947772040963173
4 25500 0.22162029147148132 0.24287989735603333 24.263195037841797 0.0530192106962204 0.04545619711279869 0.05262511596083641
4 25600 0.24088430404663086 0.245751291513443 22.591184616088867 0.05506669729948044 0.06039971113204956 0.08363629132509232
4 25700 0.2580872178077698 0.24357250332832336 21.860145568847656 0.07597038894891739 0.061755307018756866 0.08550795912742615
4 25800 0.19699230790138245 0.2457728385925293 26.103925704956055 0.040605466812849045 0.041108664125204086 0.04981962591409683
4 25900 0.31069058179855347 0.2422369122505188 19.734148025512695 0.09406720846891403 0.0808178186416626 0.10629288852214813
4 26000 0.26349350810050964 0.24217945337295532 21.873498916625977 0.07198647409677505 0.06567121297121048 0.0809575691819191
4 26100 0.2047445923089981 0.2451145052909851 25.555021286010742 0.04608694091439247 0.04819444939494133 0.055446807295084
4 26200 0.25378096103668213 0.25360268354415894 25.8908634185791 0.051547467708587646 0.06017426773905754 0.06368346512317657
4 26300 0.12786181271076202 0.24826960265636444 30.940189361572266 0.02712068147957325 0.03606541082262993 0.04021086543798447
4 26400 0.27729907631874084 0.23671111464500427 22.416555404663086 0.0823151096701622 0.07634405046701431 0.0908319428563118
4 26500 0.21718205511569977 0.2454969584941864 25.68035316467285 0.03586971014738083 0.04701422527432442 0.062384773045778275
4 26600 0.2534317672252655 0.2403404712677002 23.626161575317383 0.06409160047769547 0.06973262131214142 0.09133254736661911
4 26700 0.17708411812782288 0.24765080213546753 26.529638290405273 0.0340111069381237 0.037637099623680115 0.04808177798986435
4 26800 0.13600873947143555 0.24975985288619995 29.793806076049805 0.020561812445521355 0.030601872131228447 0.03658292442560196
4 26900 0.33250176906585693 0.23829206824302673 22.41616439819336 0.06403451412916183 0.07148981839418411 0.15143902599811554
4 27000 0.2344178408384323 0.24618583917617798 24.95804214477539 0.03363422676920891 0.04243675619363785 0.06769059598445892
4 27100 0.18005786836147308 0.2448127567768097 28.430156707763672 0.02269686572253704 0.035000063478946686 0.04417245462536812
5 27200 0.1142645925283432 0.24856515228748322 34.83781051635742 0.0048293862491846085 0.01142693031579256 0.016334226354956627
5 27300 0.15795870125293732 0.24414095282554626 29.274044036865234 0.053483106195926666 0.04795372113585472 0.053249288350343704
5 27400 0.19815540313720703 0.244258850812912 28.454513549804688 0.03009229339659214 0.04755185544490814 0.06197598949074745
5 27500 0.2557196021080017 0.24246931076049805 25.314176559448242 0.04392274469137192 0.051500774919986725 0.07779891788959503
5 27600 0.21160456538200378 0.24525503814220428 26.159767150878906 0.028400419279932976 0.03704741597175598 0.04473816603422165
5 27700 0.2511894404888153 0.24315300583839417 21.844804763793945 0.036005157977342606 0.055217891931533813 0.06709044426679611
5 27800 0.1793202906847 0.24693801999092102 25.826648712158203 0.029468268156051636 0.03650204464793205 0.044742513447999954
5 27900 0.2711004316806793 0.23938590288162231 23.26854705810547 0.05453772470355034 0.06221194192767143 0.09228372573852539
5 28000 0.1188197061419487 0.24806329607963562 35.66387176513672 0.007688876241445541 0.01513603050261736 0.009503164328634739
5 28100 0.22627000510692596 0.2520271837711334 24.26421356201172 0.037035781890153885 0.06464065611362457 0.07913441956043243
5 28200 0.20090404152870178 0.24044641852378845 27.451675415039062 0.0421207919716835 0.05169473960995674 0.057054560631513596
5 28300 0.18772214651107788 0.24571698904037476 25.501361846923828 0.04095745086669922 0.05285833030939102 0.05903805047273636
5 28400 0.23862707614898682 0.24356794357299805 25.215112686157227 0.04553239047527313 0.05315539985895157 0.06467879563570023
5 28500 0.2473541796207428 0.24642890691757202 23.411537170410156 0.0375528484582901 0.038243331015110016 0.048647262156009674
5 28600 0.1477343589067459 0.24282383918762207 29.504365921020508 0.03961408883333206 0.04223041608929634 0.03851785883307457
5 28700 0.24031177163124084 0.24390926957130432 23.975637435913086 0.04816048592329025 0.05590428039431572 0.07530806213617325
5 28800 0.23749619722366333 0.23871411383152008 24.169424057006836 0.04841156676411629 0.0525321364402771 0.06763944029808044
6 28900 0.34083837270736694 0.24770894646644592 22.442216873168945 0.03931468352675438 0.038647688925266266 0.044571951031684875
6 29000 0.22188246250152588 0.244053453207016 26.307159423828125 0.03140577673912048 0.03673143684864044 0.04715448245406151
6 29100 0.1738262176513672 0.2451845109462738 24.9674015045166 0.04047666862607002 0.04801657423377037 0.048660628497600555
6 29200 0.10489635914564133 0.24735337495803833 33.61153030395508 0.012355649843811989 0.021024247631430626 0.02227374166250229
6 29300 0.18125373125076294 0.2432783544063568 29.42121124267578 0.028339307755231857 0.04966266080737114 0.06383439153432846
6 29400 0.1334029734134674 0.2528594732284546 33.7568244934082 0.009422434493899345 0.02898969128727913 0.03230435028672218
6 29500 0.1533416360616684 0.24269238114356995 29.43172264099121 0.029921717941761017 0.036650922149419785 0.03825361654162407
6 29600 0.22599147260189056 0.24221616983413696 24.206806182861328 0.046614132821559906 0.05137651786208153 0.06189117953181267
6 29700 0.17682276666164398 0.24587488174438477 28.77332305908203 0.02614026889204979 0.03842097148299217 0.05594916641712189
6 29800 0.13718682527542114 0.2502884864807129 30.922245025634766 0.017617447301745415 0.037711359560489655 0.042634401470422745
6 29900 0.27066928148269653 0.2418435513973236 23.74064064025879 0.0452907532453537 0.05291008576750755 0.07424844801425934
6 30000 0.20254001021385193 0.24383151531219482 26.583349227905273 0.03001071885228157 0.05633445456624031 0.0687686949968338
6 30100 0.2135583460330963 0.23830115795135498 24.97269058227539 0.042910944670438766 0.06117062643170357 0.06883233785629272
6 30200 0.2008758932352066 0.2455849051475525 25.48606300354004 0.031307999044656754 0.0386396124958992 0.04277889057993889
6 30300 0.16508682072162628 0.24345646798610687 26.216745376586914 0.037934210151433945 0.042659107595682144 0.05099598690867424
6 30400 0.14590279757976532 0.24473176896572113 30.031612396240234 0.02487299032509327 0.035031288862228394 0.04153098538517952
6 30500 0.2383880764245987 0.2368808388710022 24.760986328125 0.061047594994306564 0.06819027662277222 0.08861202001571655
6 30600 0.17334529757499695 0.24181541800498962 27.519107818603516 0.029184255748987198 0.04389204457402229 0.04726330190896988
7 30700 0.1554248332977295 0.244871124625206 29.594635009765625 0.029891356825828552 0.03456634283065796 0.03319155052304268
7 30800 0.18190306425094604 0.24440282583236694 26.055614471435547 0.03393447771668434 0.037933845072984695 0.045484866946935654
7 30900 0.18483495712280273 0.2417500615119934 26.698339462280273 0.03332987800240517 0.05176469683647156 0.07059546560049057
7 31000 0.15808901190757751 0.24181288480758667 30.137310028076172 0.025428110733628273 0.04431198909878731 0.05532943829894066
7 31100 0.19642770290374756 0.24124202132225037 25.457849502563477 0.041218407452106476 0.05012420564889908 0.06412199884653091
7 31200 0.3400713801383972 0.2343289703130722 20.987934112548828 0.06836657226085663 0.07172109931707382 0.11624603718519211
7 31300 0.2541508674621582 0.24180760979652405 23.710729598999023 0.04273732006549835 0.05914764478802681 0.08958499133586884
7 31400 0.13458892703056335 0.24526312947273254 29.329341888427734 0.028371348977088928 0.034881915897130966 0.03741784393787384
7 31500 0.25434231758117676 0.24788245558738708 25.21499252319336 0.039359189569950104 0.05525387078523636 0.06076190993189812
7 31600 0.11017131805419922 0.246822327375412 32.424232482910156 0.01620173268020153 0.02662373147904873 0.022769775241613388
7 31700 0.3017878830432892 0.27240967750549316 25.870407104492188 0.044207293540239334 0.05660637840628624 0.08294176310300827
7 31800 0.23290130496025085 0.24063658714294434 25.012659072875977 0.04558992013335228 0.0593959279358387 0.07765569537878036
7 31900 0.2861056923866272 0.23872199654579163 22.523094177246094 0.06038606911897659 0.06647860258817673 0.08755612373352051
7 32000 0.2617635726928711 0.24288040399551392 22.775087356567383 0.04422256350517273 0.05722229555249214 0.07717020809650421
7 32100 0.19900372624397278 0.2395959198474884 26.370088577270508 0.05659201368689537 0.05819552764296532 0.07187115401029587
7 32200 0.16456113755702972 0.24648454785346985 30.875654220581055 0.013097844086587429 0.03665501996874809 0.05382878705859184
7 32300 0.1988784372806549 0.24888545274734497 24.440528869628906 0.029031995683908463 0.040791526436805725 0.06348725408315659
7 32400 0.1844203621149063 0.24321481585502625 26.984813690185547 0.04585523158311844 0.05173124000430107 0.059364158660173416
8 32500 0.09848052263259888 0.2485254406929016 33.52926254272461 0.012266675941646099 0.0227256640791893 0.018035847693681717
8 32600 0.18224592506885529 0.23959007859230042 24.222702026367188 0.050489380955696106 0.03880150988698006 0.043119993060827255
8 32700 0.1981673240661621 0.24866461753845215 26.83256721496582 0.028519388288259506 0.04363212734460831 0.053126875311136246
8 32800 0.21167528629302979 0.24062323570251465 25.708858489990234 0.040466781705617905 0.05784623697400093 0.06819745153188705
8 32900 0.1487019956111908 0.2407791018486023 29.370508193969727 0.0299760103225708 0.03647352382540703 0.03871425241231918
8 33000 0.15208356082439423 0.24847102165222168 28.59101676940918 0.018945705145597458 0.027133828029036522 0.028298312798142433
8 33100 0.3234068751335144 0.23217634856700897 21.66022300720215 0.07292647659778595 0.08560895174741745 0.12664207816123962
8 33200 0.06938442587852478 0.2500922977924347 36.636375427246094 0.013051923364400864 0.017164384946227074 0.014831561595201492
8 33300 0.24581515789031982 0.24354082345962524 23.987327575683594 0.041968934237957 0.04827915504574776 0.0715242549777031
8 33400 0.10173656046390533 0.2507250905036926 34.202537536621094 0.01151743158698082 0.024375304579734802 0.025124741718173027
8 33500 0.11679446697235107 0.24697984755039215 31.81943130493164 0.02006106823682785 0.028121817857027054 0.03185012564063072
8 33600 0.20403674244880676 0.24358528852462769 24.055721282958984 0.047223422676324844 0.04722413048148155 0.05542868375778198
8 33700 0.11970732361078262 0.24782991409301758 29.087133407592773 0.034341610968112946 0.03652696684002876 0.03406734764575958
8 33800 0.12826192378997803 0.2491743564605713 31.70326042175293 0.01188116054981947 0.02746577002108097 0.035762347280979156
8 33900 0.18396805226802826 0.2437218427658081 26.314790725708008 0.034997109323740005 0.0370672307908535 0.04586160182952881
8 34000 0.17129391431808472 0.24765712022781372 27.08452796936035 0.01931404508650303 0.0344066321849823 0.05238828808069229
8 34100 0.12747181951999664 0.2483924925327301 31.051761627197266 0.016291115432977676 0.029577556997537613 0.031190495938062668
8 34200 0.18483486771583557 0.2414221465587616 22.344438552856445 0.0434093177318573 0.04657617211341858 0.04999832063913345
9 34300 0.1794305443763733 0.23810994625091553 26.169775009155273 0.05562320724129677 0.054300326853990555 0.05725785717368126
9 34400 0.16182687878608704 0.2401091307401657 27.914037704467773 0.031120076775550842 0.040726032108068466 0.04236225038766861
9 34500 0.2709616720676422 0.23728248476982117 22.768020629882812 0.059687357395887375 0.059565819799900055 0.07534399628639221
9 34600 0.23093029856681824 0.23424017429351807 24.096805572509766 0.05841376259922981 0.06431496888399124 0.08010485023260117
9 34700 0.17616263031959534 0.23849862813949585 24.1761474609375 0.03573049232363701 0.043818723410367966 0.05872621014714241
9 34800 0.28543809056282043 0.2417401671409607 23.160598754882812 0.04148436337709427 0.06591017544269562 0.10064277052879333
9 34900 0.2299787849187851 0.24235045909881592 24.293399810791016 0.05527593940496445 0.06065099313855171 0.06557504832744598
9 35000 0.18331751227378845 0.2411542534828186 27.248424530029297 0.03933185711503029 0.0511544905602932 0.057507749646902084
9 35100 0.28605183959007263 0.23640179634094238 22.106765747070312 0.06994259357452393 0.06188094615936279 0.0860789492726326
9 35200 0.20647290349006653 0.24983373284339905 30.938091278076172 0.012481498531997204 0.024249544367194176 0.026351772248744965
9 35300 0.27532514929771423 0.2343461513519287 22.009794235229492 0.06746993958950043 0.0700942799448967 0.07737093418836594
9 35400 0.23027350008487701 0.24179209768772125 25.87185287475586 0.0306190624833107 0.057962238788604736 0.08025611937046051
9 35500 0.2340559959411621 0.23999738693237305 24.408496856689453 0.03483709692955017 0.046292614191770554 0.05480041354894638
9 35600 0.1563563197851181 0.25255852937698364 31.265926361083984 0.009669275023043156 0.022605974227190018 0.030414815992116928
9 35700 0.11713503301143646 0.24348601698875427 32.738426208496094 0.016073061153292656 0.028165852651000023 0.030036604031920433
9 35800 0.34109097719192505 0.23331543803215027 20.262371063232422 0.06414532661437988 0.07634048163890839 0.09306274354457855
9 35900 0.3066120445728302 0.23411259055137634 21.580421447753906 0.08174988627433777 0.0717347115278244 0.10675894469022751
10 36000 0.2120077759027481 0.24949723482131958 25.698890686035156 0.03540298342704773 0.0365285761654377 0.042365189641714096
10 36100 0.18439561128616333 0.24067559838294983 25.088380813598633 0.03497714176774025 0.045723456889390945 0.056063879281282425
10 36200 0.1999269723892212 0.23935644328594208 24.631149291992188 0.05178547650575638 0.05384128913283348 0.06072944402694702
10 36300 0.15487170219421387 0.24643263220787048 28.83854866027832 0.029757162556052208 0.045212533324956894 0.050577517598867416
10 36400 0.18731306493282318 0.2418501228094101 24.57972526550293 0.038798410445451736 0.04762914404273033 0.05707381293177605
10 36500 0.20419254899024963 0.24238115549087524 26.844850540161133 0.02813015505671501 0.05109625682234764 0.058177389204502106
10 36600 0.17710620164871216 0.24287831783294678 28.07062339782715 0.03388189524412155 0.04690045118331909 0.0666036382317543
10 36700 0.1704961657524109 0.2365998923778534 25.762975692749023 0.043083008378744125 0.04178811237215996 0.046358413994312286
10 36800 0.20167657732963562 0.24082261323928833 25.285602569580078 0.03131866455078125 0.041106630116701126 0.04999706894159317
10 36900 0.18604500591754913 0.23860275745391846 26.878463745117188 0.04206603392958641 0.05364053323864937 0.06311175227165222
10 37000 0.24045118689537048 0.24957162141799927 25.50453758239746 0.03452179208397865 0.05371779203414917 0.04055790230631828
10 37100 0.1243927925825119 0.24933068454265594 31.434045791625977 0.016591181978583336 0.025713888928294182 0.025413060560822487
10 37200 0.2026926577091217 0.24755516648292542 30.481809616088867 0.019873633980751038 0.05365931615233421 0.08369699865579605
10 37300 0.313596248626709 0.23468558490276337 22.49968147277832 0.04969199746847153 0.06490293890237808 0.0995020791888237
10 37400 0.21852758526802063 0.24084901809692383 25.358802795410156 0.04690523073077202 0.05603943392634392 0.07105585932731628
10 37500 0.32367438077926636 0.22872459888458252 19.667449951171875 0.08591524511575699 0.08381330221891403 0.1125263124704361
10 37600 0.18120577931404114 0.2466871291399002 27.150089263916016 0.030752474442124367 0.04438723996281624 0.0607815757393837
10 37700 0.1219656690955162 0.2516016960144043 32.83645248413086 0.01386631652712822 0.02407786063849926 0.033170558512210846
11 37800 0.22863233089447021 0.22571581602096558 24.367708206176758 0.052022043615579605 0.05439651757478714 0.06620617210865021
11 37900 0.23458945751190186 0.23904266953468323 22.931137084960938 0.05508008226752281 0.04919217526912689 0.06819270551204681
11 38000 0.16898086667060852 0.2418496310710907 27.67576026916504 0.031831368803977966 0.03752009570598602 0.04068112373352051
11 38100 0.21675503253936768 0.2416801154613495 24.552417755126953 0.06679970771074295 0.05821288749575615 0.061150211840867996
11 38200 0.23307976126670837 0.24408233165740967 23.51551055908203 0.05381770059466362 0.044623542577028275 0.05447781831026077
11 38300 0.14439715445041656 0.24519264698028564 31.260683059692383 0.020509064197540283 0.03285922855138779 0.03958549723029137
11 38400 0.13956819474697113 0.24417895078659058 27.19191551208496 0.025250105187296867 0.033116664737463 0.042952269315719604
11 38500 0.1608532816171646 0.24778145551681519 30.859678268432617 0.013377467170357704 0.025105804204940796 0.02937578596174717
11 38600 0.2532907724380493 0.234485924243927 23.719839096069336 0.054978303611278534 0.06379479169845581 0.07479812949895859
11 38700 0.1903865486383438 0.2511206567287445 28.727157592773438 0.019914235919713974 0.02561328373849392 0.02796309068799019
11 38800 0.15256434679031372 0.2342132031917572 27.01779556274414 0.03495345637202263 0.04630867764353752 0.05182867869734764
11 38900 0.2006099671125412 0.24454516172409058 27.07553482055664 0.02074984461069107 0.025285229086875916 0.028019705787301064
11 39000 0.2143980711698532 0.23599696159362793 24.51085662841797 0.04346257075667381 0.04537421092391014 0.052681270986795425
11 39100 0.35178136825561523 0.2347748875617981 24.152170181274414 0.05859812721610069 0.0588659942150116 0.07299870252609253
11 39200 0.1945321410894394 0.24857394397258759 27.07283592224121 0.026149364188313484 0.036388810724020004 0.05445156991481781
11 39300 0.15369588136672974 0.24519553780555725 27.368045806884766 0.03064623475074768 0.03564607724547386 0.04315470904111862
11 39400 0.2821022570133209 0.2566540539264679 25.735538482666016 0.03153827786445618 0.04727477952837944 0.055214934051036835
11 39500 0.26375728845596313 0.23436060547828674 21.75747299194336 0.07252796739339828 0.06464250385761261 0.08882918953895569
12 39600 0.23606225848197937 0.2286977469921112 23.97874641418457 0.055631641298532486 0.06861577183008194 0.07208716869354248
12 39700 0.2009974867105484 0.23671898245811462 26.168384552001953 0.04589684307575226 0.05108977481722832 0.06104343757033348
12 39800 0.15567071735858917 0.24453628063201904 27.062814712524414 0.02665203996002674 0.03342535346746445 0.03791804984211922
12 39900 0.22459331154823303 0.235470250248909 23.980770111083984 0.07175612449645996 0.04966666176915169 0.06698791682720184
12 40000 0.1122383251786232 0.24214881658554077 33.41397476196289 0.022225771099328995 0.022423630580306053 0.021764695644378662
12 40100 0.21316885948181152 0.2428334802389145 26.84541893005371 0.027639595791697502 0.03949850797653198 0.05311860889196396
12 40200 0.15991611778736115 0.24573850631713867 29.55952262878418 0.01691528409719467 0.0316019207239151 0.04067682474851608
12 40300 0.23819664120674133 0.2322467565536499 22.996957778930664 0.05456382781267166 0.06463388353586197 0.07674647867679596
12 40400 0.19560743868350983 0.23400971293449402 23.348543167114258 0.06268251687288284 0.05162922292947769 0.05833711102604866
12 40500 0.18961668014526367 0.2447291761636734 27.110597610473633 0.029300149530172348 0.0465751476585865 0.06079709529876709
12 40600 0.1994708925485611 0.24266213178634644 27.484174728393555 0.036352138966321945 0.04502830281853676 0.051501017063856125
12 40700 0.16045725345611572 0.2450636327266693 28.255977630615234 0.02261829935014248 0.03575943410396576 0.039848338812589645
12 40800 0.16519489884376526 0.236587256193161 26.61231803894043 0.03833355754613876 0.04494954273104668 0.052161820232868195
12 40900 0.13724395632743835 0.24923840165138245 29.021039962768555 0.019045226275920868 0.024367135018110275 0.027599066495895386
12 41000 0.25941553711891174 0.23622272908687592 23.053815841674805 0.04369554668664932 0.05253254994750023 0.07327337563037872
12 41100 0.14413787424564362 0.24421685934066772 30.21980094909668 0.022611631080508232 0.039892490953207016 0.04627809673547745
12 41200 0.23013430833816528 0.24254189431667328 25.906993865966797 0.03767140954732895 0.049870360642671585 0.061369262635707855
12 41300 0.2354097068309784 0.2366047203540802 21.52919578552246 0.06767729669809341 0.053315866738557816 0.06815199553966522
13 41400 0.31408363580703735 0.22930088639259338 19.810094833374023 0.08321534097194672 0.07123905420303345 0.08583134412765503
13 41500 0.23355606198310852 0.24250580370426178 23.535404205322266 0.052016522735357285 0.045147158205509186 0.057181213051080704
13 41600 0.15302692353725433 0.24465897679328918 28.406076431274414 0.024365125223994255 0.031602103263139725 0.0361739806830883
13 41700 0.2737652361392975 0.23167838156223297 23.169275283813477 0.06342839449644089 0.07616188377141953 0.09277163445949554
13 41800 0.1386057734489441 0.24571090936660767 28.924602508544922 0.023287085816264153 0.027790261432528496 0.027926014736294746
13 41900 0.14865010976791382 0.24583914875984192 28.412521362304688 0.023389840498566628 0.03690168634057045 0.03873533755540848
13 42000 0.18635955452919006 0.24654971063137054 24.752994537353516 0.03580927476286888 0.04731036350131035 0.062475141137838364
13 42100 0.20288747549057007 0.24059835076332092 24.8270206451416 0.03985347971320152 0.04698868840932846 0.060637228190898895
13 42200 0.24389998614788055 0.24455629289150238 22.873708724975586 0.03488331288099289 0.038116637617349625 0.05536821112036705
13 42300 0.17135873436927795 0.2491537630558014 25.648080825805664 0.024693312123417854 0.030293455347418785 0.04420391470193863
13 42400 0.14050187170505524 0.24200469255447388 30.620954513549805 0.029192280024290085 0.03331945091485977 0.04289465770125389
13 42500 0.2642854154109955 0.22313165664672852 23.23670196533203 0.06711374968290329 0.06866736710071564 0.0834563747048378
13 42600 0.17718419432640076 0.23859192430973053 27.238462448120117 0.034622564911842346 0.051358114928007126 0.059950243681669235
13 42700 0.1964247226715088 0.23665770888328552 25.0926456451416 0.04623787850141525 0.041637010872364044 0.051821283996105194
13 42800 0.16748777031898499 0.2420424371957779 28.74219512939453 0.021916305646300316 0.030857432633638382 0.03682009503245354
13 42900 0.1831100732088089 0.23414121568202972 26.275272369384766 0.04370705038309097 0.045893631875514984 0.054942596703767776
13 43000 0.12123065441846848 0.2489253580570221 35.292137145996094 0.010631537064909935 0.019973963499069214 0.025745665654540062
14 43100 0.17035607993602753 0.24156537652015686 26.98369789123535 0.03140190243721008 0.0368693545460701 0.042775049805641174
14 43200 0.23481754958629608 0.2379966676235199 23.296178817749023 0.04225975647568703 0.055103715509176254 0.06752216815948486
14 43300 0.15618132054805756 0.24244874715805054 29.940664291381836 0.017018334940075874 0.03083806112408638 0.028923634439706802
14 43400 0.17960238456726074 0.23319405317306519 26.59629249572754 0.057517942041158676 0.054336607456207275 0.06729678064584732
14 43500 0.18459928035736084 0.24481689929962158 25.178468704223633 0.030448228120803833 0.035464074462652206 0.043275944888591766
14 43600 0.12903736531734467 0.24354493618011475 29.364185333251953 0.026203515008091927 0.034110911190509796 0.03449668362736702
14 43700 0.18929597735404968 0.2366560399532318 24.757904052734375 0.03407365456223488 0.042771387845277786 0.0400761142373085
14 43800 0.08456127345561981 0.24639417231082916 35.87712478637695 0.012182576581835747 0.015532857738435268 0.013197774067521095
14 43900 0.1850079447031021 0.23768764734268188 28.610061645507812 0.030589770525693893 0.03744031861424446 0.04112076386809349
14 44000 0.164522185921669 0.2329251915216446 27.806224822998047 0.03642433509230614 0.045596253126859665 0.055189624428749084
14 44100 0.13488459587097168 0.24962320923805237 30.458086013793945 0.015328693203628063 0.027418477460741997 0.036869559437036514
14 44200 0.2228502333164215 0.23398244380950928 25.299131393432617 0.042886801064014435 0.06060672551393509 0.08201909065246582
14 44300 0.2089349776506424 0.24213284254074097 24.632646560668945 0.0411195270717144 0.04438764974474907 0.05100532993674278
14 44400 0.23076112568378448 0.23045796155929565 23.727628707885742 0.06344928592443466 0.0699390098452568 0.07390491664409637
14 44500 0.12433059513568878 0.24623095989227295 29.792098999023438 0.017459364607930183 0.027693206444382668 0.029555877670645714
14 44600 0.20314905047416687 0.24566936492919922 25.54409408569336 0.03406232222914696 0.034288350492715836 0.03371930494904518
14 44700 0.21824362874031067 0.2330181896686554 25.095077514648438 0.04460182413458824 0.057171303778886795 0.07029511779546738
14 44800 0.09041302651166916 0.25194278359413147 35.86050796508789 0.007246701512485743 0.020590543746948242 0.014244580641388893
15 44900 0.20367926359176636 0.23947769403457642 25.92885971069336 0.03594361990690231 0.05142364650964737 0.07499149441719055
15 45000 0.22557541728019714 0.24136999249458313 23.8559627532959 0.04074876010417938 0.04991063475608826 0.07658164948225021
15 45100 0.21131983399391174 0.23571422696113586 21.745262145996094 0.06037934124469757 0.05577200651168823 0.06899267435073853
15 45200 0.17639750242233276 0.24571341276168823 27.16904067993164 0.024731947109103203 0.028686288744211197 0.03365631029009819
15 45300 0.2195044308900833 0.2377614676952362 24.087053298950195 0.056438811123371124 0.061555709689855576 0.07526622712612152
15 45400 0.16655290126800537 0.23984651267528534 25.527921676635742 0.04616349935531616 0.046400513499975204 0.04786038398742676
15 45500 0.263237863779068 0.24636033177375793 28.126571655273438 0.01829659193754196 0.04088001698255539 0.052085138857364655
15 45600 0.19574174284934998 0.2351401448249817 24.707738876342773 0.041797343641519547 0.05341767892241478 0.06265345960855484
15 45700 0.15908145904541016 0.2446841597557068 29.370384216308594 0.015003746375441551 0.03143778070807457 0.03937169164419174
15 45800 0.16536535322666168 0.23982711136341095 27.565216064453125 0.036016274243593216 0.047167133539915085 0.05474293604493141
15 45900 0.23596566915512085 0.22427630424499512 23.377939224243164 0.06997212767601013 0.06273204833269119 0.06794936954975128
15 46000 0.1687823385000229 0.2417105883359909 27.754785537719727 0.03300611302256584 0.0434173122048378 0.054238710552453995
15 46100 0.1985706239938736 0.24749863147735596 26.542972564697266 0.022129779681563377 0.03284351900219917 0.05663568899035454
15 46200 0.18145881593227386 0.22604826092720032 25.886398315429688 0.061233095824718475 0.05210147053003311 0.04486608877778053
15 46300 0.1786489337682724 0.25036466121673584 29.98261070251465 0.022344697266817093 0.034888267517089844 0.049549415707588196
15 46400 0.18456803262233734 0.2418583631515503 27.823781967163086 0.025903427973389626 0.04111845791339874 0.060070473700761795
15 46500 0.19468124210834503 0.2383059859275818 25.73409652709961 0.04500177130103111 0.04468795284628868 0.05337695777416229
15 46600 0.14795780181884766 0.24692296981811523 26.113998413085938 0.025252653285861015 0.03558306023478508 0.038981325924396515
16 46700 0.16776186227798462 0.234977126121521 25.861358642578125 0.040570199489593506 0.040802132338285446 0.04562860354781151
16 46800 0.11457830667495728 0.24986499547958374 33.34586715698242 0.009478792548179626 0.022374797612428665 0.030266793444752693
16 46900 0.2090659886598587 0.2316560447216034 24.834102630615234 0.040547337383031845 0.04668990150094032 0.053792547434568405
16 47000 0.1602807492017746 0.24275866150856018 28.072345733642578 0.023462777957320213 0.04330490902066231 0.05124970152974129
16 47100 0.2506007254123688 0.24815642833709717 24.844289779663086 0.03678131476044655 0.04554395750164986 0.06635763496160507
16 47200 0.16290977597236633 0.23834669589996338 28.04933738708496 0.03387834504246712 0.048260513693094254 0.05200108140707016
16 47300 0.2637193202972412 0.23279935121536255 22.24024200439453 0.07008178532123566 0.061935752630233765 0.07329446077346802
16 47400 0.2328948825597763 0.24189653992652893 22.396865844726562 0.04900345206260681 0.04161318019032478 0.05131596326828003
16 47500 0.24167844653129578 0.23549014329910278 22.81552505493164 0.0669284388422966 0.05889822170138359 0.07962857186794281
16 47600 0.17539432644844055 0.2420676052570343 27.87434196472168 0.026486869901418686 0.041739024221897125 0.05469506233930588
16 47700 0.17414750158786774 0.24015548825263977 27.661314010620117 0.038215506821870804 0.0461287759244442 0.05875911936163902
16 47800 0.3345622420310974 0.2209423929452896 20.601318359375 0.07377367466688156 0.08807104825973511 0.13554593920707703
16 47900 0.24061590433120728 0.23167777061462402 24.463638305664062 0.05506365746259689 0.0596175454556942 0.06894183903932571
16 48000 0.1799241602420807 0.2360798865556717 26.402475357055664 0.03539507836103439 0.05269652605056763 0.05549774318933487
16 48100 0.19495537877082825 0.241336852312088 26.022048950195312 0.03930971026420593 0.050201792269945145 0.06656310707330704
16 48200 0.1832415759563446 0.2449764609336853 26.873655319213867 0.020912732928991318 0.03806401416659355 0.048077426850795746
16 48300 0.1911332607269287 0.24294662475585938 24.51168441772461 0.024792281910777092 0.038022734224796295 0.050348639488220215
16 48400 0.12049049139022827 0.24353277683258057 28.175561904907227 0.024012528359889984 0.026412611827254295 0.02813718281686306
17 48500 0.186391219496727 0.24162188172340393 25.01253318786621 0.031357891857624054 0.049169644713401794 0.06022632494568825
17 48600 0.20693430304527283 0.24485233426094055 22.543533325195312 0.037344031035900116 0.03608671948313713 0.039278607815504074
17 48700 0.11026246100664139 0.24779891967773438 32.34008026123047 0.016316227614879608 0.017821630463004112 0.02269715629518032
17 48800 0.2261449694633484 0.23405486345291138 23.41669464111328 0.06815407425165176 0.06233576685190201 0.07293053716421127
17 48900 0.1642017960548401 0.23839497566223145 26.541845321655273 0.02990019880235195 0.0504801943898201 0.057301707565784454
17 49000 0.1883164346218109 0.2309827208518982 26.506046295166016 0.039400726556777954 0.05483320355415344 0.06280432641506195
17 49100 0.16072264313697815 0.2422463297843933 25.842199325561523 0.03435409441590309 0.03387538716197014 0.03435782343149185
17 49200 0.266707181930542 0.23729665577411652 23.62668800354004 0.04500874876976013 0.07508621364831924 0.09967759996652603
17 49300 0.2208121120929718 0.23548521101474762 25.062456130981445 0.04446212202310562 0.04379425570368767 0.04527251049876213
17 49400 0.17751142382621765 0.23842725157737732 25.632936477661133 0.03486547991633415 0.042994122952222824 0.04836929216980934
17 49500 0.17825594544410706 0.24496692419052124 25.992677688598633 0.024526039138436317 0.03830922767519951 0.047903768718242645
17 49600 0.14780208468437195 0.24417786300182343 30.230138778686523 0.027515502646565437 0.029187951236963272 0.033950451761484146
17 49700 0.12021380662918091 0.24103324115276337 29.6268367767334 0.019484777003526688 0.034353114664554596 0.03210589662194252
17 49800 0.13602715730667114 0.2442263960838318 30.065624237060547 0.014050241559743881 0.028161251917481422 0.03389162942767143
17 49900 0.18141084909439087 0.24007442593574524 26.291202545166016 0.04042085260152817 0.04887104034423828 0.061834629625082016
17 50000 0.21564970910549164 0.2382417917251587 23.566980361938477 0.04607061669230461 0.044277627021074295 0.04902615770697594
17 50100 0.1601138412952423 0.24531570076942444 26.980125427246094 0.018647143617272377 0.030868560075759888 0.04263772815465927
18 50200 0.14333343505859375 0.24815404415130615 29.608125686645508 0.017186656594276428 0.026731014251708984 0.02998020499944687
18 50300 0.15143688023090363 0.2495650202035904 30.09506607055664 0.016498154029250145 0.028300553560256958 0.03863425925374031
18 50400 0.22253382205963135 0.23965752124786377 24.243261337280273 0.03829248622059822 0.050178755074739456 0.07125502079725266
18 50500 0.18448379635810852 0.2314770221710205 25.243865966796875 0.04983719065785408 0.04925478994846344 0.05166098475456238
18 50600 0.19872277975082397 0.2423515021800995 28.218339920043945 0.027897650375962257 0.04356763884425163 0.06827075034379959
18 50700 0.16373081505298615 0.24208581447601318 26.133256912231445 0.04406556487083435 0.04314420372247696 0.04407213255763054
18 50800 0.24735724925994873 0.2374521791934967 21.34770965576172 0.04808875918388367 0.06186977028846741 0.06976354122161865
18 50900 0.16524149477481842 0.2504532039165497 29.408926010131836 0.013978444039821625 0.025488076731562614 0.036747340112924576
18 51000 0.17416143417358398 0.23498126864433289 26.5831241607666 0.038482069969177246 0.04870001971721649 0.050689056515693665
18 51100 0.2619020938873291 0.2311791628599167 23.10536766052246 0.09208495914936066 0.0658939853310585 0.0961097925901413
18 51200 0.1717144250869751 0.2460019737482071 28.448070526123047 0.029228223487734795 0.04630027711391449 0.061784084886312485
18 51300 0.2978764474391937 0.2309752106666565 21.896923065185547 0.08501355350017548 0.07336366176605225 0.10410645604133606
18 51400 0.10571066290140152 0.2457616925239563 33.11286163330078 0.014057495631277561 0.025201668962836266 0.030766161158680916
18 51500 0.3154990077018738 0.23545005917549133 25.972009658813477 0.04163689166307449 0.06873757392168045 0.08046023547649384
18 51600 0.15523841977119446 0.24683737754821777 29.519287109375 0.021727142855525017 0.03670772910118103 0.050421103835105896
18 51700 0.17856167256832123 0.241378515958786 26.608064651489258 0.025339100509881973 0.04173535108566284 0.052380967885255814
18 51800 0.189915269613266 0.2337406575679779 25.491668701171875 0.04998075217008591 0.04508141800761223 0.0481160506606102
18 51900 0.28623583912849426 0.23058676719665527 21.253480911254883 0.06986769288778305 0.05930944159626961 0.08942625671625137
19 52000 0.25415414571762085 0.23146161437034607 23.552207946777344 0.05828409269452095 0.06452765315771103 0.07612290233373642
19 52100 0.21599704027175903 0.2460775077342987 26.083396911621094 0.022216178476810455 0.03452584519982338 0.046117980033159256
19 52200 0.176542729139328 0.24514171481132507 27.76221466064453 0.021769842132925987 0.04146578907966614 0.05157046392560005
19 52300 0.1717797815799713 0.2441503405570984 28.230037689208984 0.020113717764616013 0.035272594541311264 0.04513213410973549
19 52400 0.17660638689994812 0.24274417757987976 25.200620651245117 0.032274503260850906 0.03607599064707756 0.04508490115404129
19 52500 0.1588725596666336 0.23915186524391174 27.756149291992188 0.03587004169821739 0.038056086748838425 0.05016414821147919
19 52600 0.25482413172721863 0.24044087529182434 22.461877822875977 0.05696672946214676 0.04837388917803764 0.06457402557134628
19 52700 0.21651828289031982 0.2376047521829605 24.505340576171875 0.0409553200006485 0.061832245439291 0.07202842086553574
19 52800 0.2940109968185425 0.22554835677146912 20.35517692565918 0.0696183443069458 0.07769933342933655 0.09357738494873047
19 52900 0.18971246480941772 0.24206915497779846 28.70990562438965 0.018896209076046944 0.05245428904891014 0.07430915534496307
19 53000 0.16578538715839386 0.2490202933549881 31.554597854614258 0.012473680078983307 0.026677552610635757 0.03665001317858696
19 53100 0.16031602025032043 0.24275144934654236 28.512781143188477 0.034308042377233505 0.03845065087080002 0.045336294919252396
19 53200 0.21744707226753235 0.2444586604833603 25.04472541809082 0.03444259241223335 0.048627257347106934 0.06596776843070984
19 53300 0.19993335008621216 0.2375696748495102 27.770044326782227 0.03224946931004524 0.060551490634679794 0.07778356969356537
19 53400 0.19524730741977692 0.24494534730911255 25.32699203491211 0.03341116011142731 0.03976183757185936 0.054932642728090286
19 53500 0.17515361309051514 0.23636338114738464 27.14260482788086 0.03204783424735069 0.04580565169453621 0.051195915788412094
19 53600 0.15391294658184052 0.24836018681526184 27.016033172607422 0.020472705364227295 0.026539120823144913 0.035121072083711624
19 53700 0.17257803678512573 0.24760781228542328 28.949947357177734 0.01623564213514328 0.03342064097523689 0.04845196753740311
20 53800 0.13687042891979218 0.2391449511051178 27.504220962524414 0.021478448063135147 0.03911120072007179 0.043208569288253784
20 53900 0.22357846796512604 0.24029773473739624 24.092342376708984 0.04360892251133919 0.047083284705877304 0.06635919213294983
20 54000 0.09152660518884659 0.2418878972530365 35.14350128173828 0.013639422133564949 0.027794554829597473 0.023026419803500175
20 54100 0.17003141343593597 0.23359911143779755 27.962539672851562 0.04076588153839111 0.04574024677276611 0.06045978143811226
20 54200 0.18901391327381134 0.24298052489757538 25.93201446533203 0.032706018537282944 0.04026578366756439 0.05375935137271881
20 54300 0.28455668687820435 0.2228328287601471 21.494802474975586 0.09146825224161148 0.0793796107172966 0.0887552797794342
20 54400 0.1648126244544983 0.2429644763469696 25.35917854309082 0.03602075204253197 0.03883569315075874 0.048218607902526855
20 54500 0.2508619725704193 0.2461560070514679 26.472816467285156 0.03246594965457916 0.037231940776109695 0.04564908891916275
20 54600 0.2352229356765747 0.23510415852069855 25.024658203125 0.04978667199611664 0.06673361361026764 0.07303284853696823
20 54700 0.11450855433940887 0.2517629563808441 35.51413345336914 0.00814151857048273 0.019518055021762848 0.022971082478761673
20 54800 0.12296342104673386 0.2500280737876892 32.5711669921875 0.010828252881765366 0.024031195789575577 0.02933705411851406
20 54900 0.15595950186252594 0.23646219074726105 27.787233352661133 0.05767331272363663 0.042148325592279434 0.03679777681827545
20 55000 0.2608702778816223 0.23386724293231964 22.409549713134766 0.045784518122673035 0.05515805631875992 0.06988436728715897
20 55100 0.1632106751203537 0.24285568296909332 27.852006912231445 0.027507929131388664 0.04745018109679222 0.06084116920828819
20 55200 0.13161936402320862 0.24603861570358276 30.710424423217773 0.014520497992634773 0.02663586102426052 0.026391956955194473
20 55300 0.16848567128181458 0.23572826385498047 27.82805824279785 0.027084125205874443 0.0382668636739254 0.03953175991773605
20 55400 0.3239745795726776 0.22986602783203125 20.663654327392578 0.06960863620042801 0.08488729596138 0.11081510782241821
20 55500 0.18903177976608276 0.2413506805896759 24.776023864746094 0.025858834385871887 0.039439406245946884 0.04219767451286316
21 55600 0.14419297873973846 0.24070808291435242 29.108154296875 0.022452974691987038 0.03977736458182335 0.04677918180823326
21 55700 0.2050042450428009 0.24044948816299438 25.15345573425293 0.04841020703315735 0.051527656614780426 0.06620998680591583
21 55800 0.11970492452383041 0.24619066715240479 30.090375900268555 0.017413688823580742 0.02411041222512722 0.025403862819075584
21 55900 0.2355090081691742 0.2379777729511261 23.566892623901367 0.04680206626653671 0.05531681329011917 0.07599865645170212
21 56000 0.13943201303482056 0.245466411113739 27.471885681152344 0.0260506272315979 0.0278468020260334 0.024684565141797066
21 56100 0.20571613311767578 0.23918946087360382 24.194414138793945 0.051013000309467316 0.05300312861800194 0.06927380710840225
21 56200 0.14880679547786713 0.24408817291259766 25.63677215576172 0.030140304937958717 0.0398135669529438 0.05108467862010002
21 56300 0.1486712098121643 0.24078679084777832 29.199533462524414 0.026853464543819427 0.040810372680425644 0.04640968143939972
21 56400 0.1043538898229599 0.25003278255462646 33.94712448120117 0.009432084858417511 0.022678010165691376 0.02278466522693634
21 56500 0.12170790135860443 0.2461903691291809 29.561981201171875 0.016956590116024017 0.025435958057641983 0.03187553212046623
21 56600 0.17090389132499695 0.23344384133815765 27.101612091064453 0.03683881461620331 0.04859146475791931 0.047080930322408676
21 56700 0.2103307843208313 0.2480824887752533 24.54524803161621 0.03351103886961937 0.04598090425133705 0.05686991661787033
21 56800 0.21482700109481812 0.23096689581871033 23.503267288208008 0.04852776229381561 0.048683248460292816 0.055184490978717804
21 56900 0.12832804024219513 0.24376492202281952 31.48948860168457 0.018831539899110794 0.03795577958226204 0.03779710829257965
21 57000 0.2517281472682953 0.23131363093852997 24.388290405273438 0.05971546843647957 0.05829508230090141 0.06793202459812164
21 57100 0.1737489402294159 0.2501089870929718 27.603759765625 0.016613757237792015 0.019180146977305412 0.03303230553865433
21 57200 0.1896408498287201 0.24526819586753845 24.387142181396484 0.034637127071619034 0.04060518741607666 0.04782378301024437
22 57300 0.19269993901252747 0.23648200929164886 24.908466339111328 0.05388711765408516 0.054900702089071274 0.06110384687781334
22 57400 0.1716451346874237 0.24329975247383118 26.2002010345459 0.033658239990472794 0.03969753533601761 0.04856877028942108
22 57500 0.22094270586967468 0.23370756208896637 23.660776138305664 0.05003335699439049 0.04485669359564781 0.05494946613907814
22 57600 0.1768498718738556 0.23731884360313416 26.18031883239746 0.04402660205960274 0.05164584144949913 0.061798084527254105
22 57700 0.17654667794704437 0.24437099695205688 26.34031105041504 0.03289050608873367 0.03148670867085457 0.040194302797317505
22 57800 0.22170767188072205 0.24204888939857483 24.291616439819336 0.039453521370887756 0.05783688649535179 0.07428096234798431
22 57900 0.1345265507698059 0.2479383647441864 31.938575744628906 0.01759280078113079 0.03154397010803223 0.0398908294737339
22 58000 0.16917350888252258 0.24466893076896667 28.075876235961914 0.025593064725399017 0.043185487389564514 0.058443911373615265
22 58100 0.18842154741287231 0.24447321891784668 24.298322677612305 0.03349699452519417 0.038627129048109055 0.046233177185058594
22 58200 0.17080716788768768 0.2403593212366104 27.618099212646484 0.02890668995678425 0.03431667760014534 0.04233528673648834
22 58300 0.2289847731590271 0.24253782629966736 25.778934478759766 0.02594834193587303 0.046973373740911484 0.07452356070280075
22 58400 0.11989067494869232 0.24656111001968384 32.15874481201172 0.013954863883554935 0.030205577611923218 0.02837282605469227
22 58500 0.2892690896987915 0.23296910524368286 21.526033401489258 0.06404562294483185 0.07306324690580368 0.10025966167449951
22 58600 0.2433953583240509 0.23853473365306854 23.445354461669922 0.04422510415315628 0.0554565005004406 0.06600169837474823
22 58700 0.1129753440618515 0.24126620590686798 32.115989685058594 0.01547038834542036 0.023944083601236343 0.028273165225982666
22 58800 0.13928917050361633 0.24792636930942535 29.25611114501953 0.013027526438236237 0.024436315521597862 0.03581149876117706
22 58900 0.20887400209903717 0.24363690614700317 23.63976287841797 0.037242598831653595 0.04370705410838127 0.06625416874885559
22 59000 0.1795385330915451 0.23911301791667938 25.109649658203125 0.042084623128175735 0.04588673263788223 0.053383272141218185
23 59100 0.223426952958107 0.23261943459510803 22.375429153442383 0.05084177479147911 0.05694261193275452 0.06223819777369499
23 59200 0.24877652525901794 0.23294073343276978 22.699161529541016 0.05949927493929863 0.06489398330450058 0.07563447952270508
23 59300 0.1412585824728012 0.245402529835701 28.115720748901367 0.02464926801621914 0.04003046452999115 0.04703308269381523
23 59400 0.2224183827638626 0.23638376593589783 21.996259689331055 0.0607149712741375 0.053939640522003174 0.06096376106142998
23 59500 0.19650083780288696 0.2379578948020935 24.00051498413086 0.057261329144239426 0.046449657529592514 0.05266375094652176
23 59600 0.17411038279533386 0.2412271797657013 25.845821380615234 0.03875682130455971 0.03219970688223839 0.03485136479139328
23 59700 0.17749807238578796 0.24177053570747375 27.619844436645508 0.030826056376099586 0.049258820712566376 0.057365547865629196
23 59800 0.15815255045890808 0.2432953417301178 26.0406494140625 0.031254686415195465 0.039338793605566025 0.042647961527109146
23 59900 0.0675722137093544 0.24732030928134918 36.69329833984375 0.009060248732566833 0.013882606290280819 0.015363690443336964
23 60000 0.28757959604263306 0.22891022264957428 21.834903717041016 0.06603153049945831 0.08301017433404922 0.09888951480388641
23 60100 0.16105999052524567 0.23948922753334045 26.201976776123047 0.042453374713659286 0.04615778475999832 0.05537312105298042
23 60200 0.1496502310037613 0.24063493311405182 28.41029930114746 0.023062484338879585 0.02943730726838112 0.04080163314938545
23 60300 0.19862043857574463 0.2368714064359665 24.741329193115234 0.03722776100039482 0.043154895305633545 0.05780789256095886
23 60400 0.1973607838153839 0.23972469568252563 23.86025047302246 0.032131344079971313 0.037224121391773224 0.054169975221157074
23 60500 0.2413279414176941 0.22436530888080597 22.968433380126953 0.06980448961257935 0.06966383755207062 0.0767354965209961
23 60600 0.21465861797332764 0.23871713876724243 27.29281997680664 0.03356224298477173 0.03313277289271355 0.033075857907533646
23 60700 0.16578270494937897 0.24210581183433533 27.455759048461914 0.027386097237467766 0.0342387780547142 0.037618979811668396
23 60800 0.20539326965808868 0.24247506260871887 26.35780906677246 0.036645691841840744 0.054253797978162766 0.06898435950279236
24 60900 0.16725806891918182 0.2377626597881317 24.824951171875 0.026287786662578583 0.036816395819187164 0.03843237832188606
24 61000 0.1846715360879898 0.24172335863113403 26.683731079101562 0.02565387636423111 0.04120854288339615 0.04886602237820625
24 61100 0.16576482355594635 0.23789042234420776 26.5156307220459 0.0375678725540638 0.04114725813269615 0.047380391508340836
24 61200 0.21169672906398773 0.2337857186794281 25.717775344848633 0.04269351810216904 0.057569850236177444 0.07232598960399628
24 61300 0.17658165097236633 0.23717482388019562 26.608489990234375 0.03415264934301376 0.046678997576236725 0.0528583899140358
24 61400 0.1671266108751297 0.2327376902103424 26.37993812561035 0.03696284070611 0.04099699854850769 0.040733858942985535
24 61500 0.1697254478931427 0.2441670298576355 29.872299194335938 0.018430760130286217 0.03345724940299988 0.048618342727422714
24 61600 0.0889323279261589 0.24839290976524353 32.9962158203125 0.013309516943991184 0.026245195418596268 0.02129439078271389
24 61700 0.17624694108963013 0.24000906944274902 27.200023651123047 0.04259471967816353 0.043038155883550644 0.0466269813477993
24 61800 0.19953857362270355 0.2355809211730957 25.130678176879883 0.03827933222055435 0.038742877542972565 0.0495724193751812
24 61900 0.2669876515865326 0.22139495611190796 22.57500648498535 0.07175952941179276 0.07433271408081055 0.08172377198934555
24 62000 0.2593414783477783 0.23223692178726196 22.212278366088867 0.07207092642784119 0.07040700316429138 0.0879557803273201
24 62100 0.15040726959705353 0.24055781960487366 27.292821884155273 0.027272503823041916 0.03415336832404137 0.03710094466805458
24 62200 0.1967143416404724 0.24312366545200348 27.5988826751709 0.033688854426145554 0.04092946648597717 0.04344552755355835
24 62300 0.18980959057807922 0.24563080072402954 25.706195831298828 0.03712896257638931 0.03968627378344536 0.04786708578467369
24 62400 0.125970721244812 0.2514895796775818 32.903804779052734 0.012088587507605553 0.024566322565078735 0.026996087282896042
24 62500 0.17287960648536682 0.24449098110198975 28.257238388061523 0.024437734857201576 0.03380073606967926 0.04812757670879364
24 62600 0.16811339557170868 0.24299082159996033 27.204435348510742 0.030031472444534302 0.046048130840063095 0.05039924755692482
25 62700 0.09952585399150848 0.25133347511291504 36.670135498046875 0.004393020179122686 0.011272008530795574 0.014106941409409046
25 62800 0.1402488350868225 0.24057245254516602 29.618343353271484 0.030224835500121117 0.03579244017601013 0.035630963742733
25 62900 0.17055967450141907 0.24254551529884338 27.996305465698242 0.02760496363043785 0.040922608226537704 0.050307903438806534
25 63000 0.2551640272140503 0.23394158482551575 22.263408660888672 0.06577180325984955 0.06913411617279053 0.09098789095878601
25 63100 0.14177662134170532 0.2347230762243271 29.57826805114746 0.021393422037363052 0.03259372338652611 0.03662247210741043
25 63200 0.24131643772125244 0.2345440536737442 25.01849365234375 0.052419088780879974 0.05257752165198326 0.090229831635952
25 63300 0.16595542430877686 0.23721715807914734 26.557111740112305 0.040437255054712296 0.041321273893117905 0.05007250979542732
25 63400 0.15450453758239746 0.24324244260787964 28.675357818603516 0.0376235693693161 0.041190750896930695 0.04596688225865364
25 63500 0.10420827567577362 0.2493288815021515 34.11652755737305 0.010826253332197666 0.02124730870127678 0.020076796412467957
25 63600 0.15304864943027496 0.2437659204006195 28.402141571044922 0.022535890340805054 0.030533766373991966 0.04240083694458008
25 63700 0.1344922035932541 0.2462267428636551 28.87497901916504 0.01668224111199379 0.036957599222660065 0.049010004848241806
25 63800 0.14214810729026794 0.24115370213985443 26.685659408569336 0.02990805357694626 0.03589550778269768 0.043544355779886246
25 63900 0.11830411851406097 0.23851776123046875 30.650585174560547 0.022935692220926285 0.034713294357061386 0.04021285101771355
25 64000 0.1636521816253662 0.23902443051338196 27.358158111572266 0.03348373994231224 0.04443005472421646 0.05346503108739853
25 64100 0.1358008086681366 0.24885889887809753 31.01844024658203 0.012055518105626106 0.01889699511229992 0.024177609011530876
25 64200 0.13011708855628967 0.24337396025657654 31.69007110595703 0.013237367384135723 0.01692216470837593 0.013358673080801964
25 64300 0.21054217219352722 0.24677146971225739 26.932188034057617 0.02678324468433857 0.05255330726504326 0.06894167512655258
26 64400 0.19459939002990723 0.23802219331264496 25.54792022705078 0.03202022612094879 0.045982372015714645 0.05513904616236687
26 64500 0.16034841537475586 0.23889762163162231 27.825700759887695 0.030677147209644318 0.03157830983400345 0.036232106387615204
26 64600 0.16158437728881836 0.2395850419998169 27.712316513061523 0.03730783984065056 0.036318063735961914 0.03879660367965698
26 64700 0.06774402409791946 0.25019365549087524 38.311134338378906 0.009886478073894978 0.01425075251609087 0.011527570895850658
26 64800 0.18639439344406128 0.24142810702323914 26.701011657714844 0.03295491263270378 0.044523123651742935 0.05700043961405754
26 64900 0.2736701965332031 0.24556834995746613 22.313751220703125 0.04582814872264862 0.04352143034338951 0.06249930337071419
26 65000 0.15763601660728455 0.2431182563304901 28.016138076782227 0.02648894488811493 0.0308150053024292 0.03234732151031494
26 65100 0.17064037919044495 0.24259938299655914 24.507572174072266 0.022339671850204468 0.0345662496984005 0.04718128591775894
26 65200 0.1839672029018402 0.23361414670944214 25.904773712158203 0.03549354150891304 0.04842893406748772 0.05983666703104973
26 65300 0.13052180409431458 0.24674996733665466 31.408954620361328 0.017726926133036613 0.03315522149205208 0.04376543313264847
26 65400 0.18373873829841614 0.24572142958641052 27.053743362426758 0.02742149494588375 0.03736148774623871 0.05367489904165268
26 65500 0.21156761050224304 0.23343922197818756 23.664794921875 0.054973725229501724 0.04505956918001175 0.04164368286728859
26 65600 0.2776913046836853 0.2262153923511505 22.32072639465332 0.06489621102809906 0.07518094778060913 0.09712199121713638
26 65700 0.22166813910007477 0.24539928138256073 25.717226028442383 0.028795810416340828 0.04574666544795036 0.06027812138199806
26 65800 0.13197572529315948 0.24282780289649963 30.34176254272461 0.01943146623671055 0.03837672993540764 0.05056316778063774
26 65900 0.20387610793113708 0.2286769598722458 24.599590301513672 0.05859333276748657 0.05992012098431587 0.06289203464984894
26 66000 0.1743859052658081 0.24838846921920776 29.024635314941406 0.01863422989845276 0.02696744166314602 0.029737986624240875
26 66100 0.16165556013584137 0.244625985622406 29.58098793029785 0.013964525423943996 0.029926320537924767 0.032665714621543884
27 66200 0.2273293435573578 0.24019986391067505 23.434436798095703 0.06922385096549988 0.05342027544975281 0.06776393204927444
27 66300 0.24007901549339294 0.23238906264305115 22.93562889099121 0.06530030816793442 0.058421242982149124 0.063804991543293
27 66400 0.1561633050441742 0.23176461458206177 28.2919979095459 0.03944367915391922 0.04417024925351143 0.04644530266523361
27 66500 0.16482199728488922 0.24182498455047607 23.605701446533203 0.04783879220485687 0.04017956927418709 0.04102369770407677
27 66600 0.12120012193918228 0.2417304515838623 31.277006149291992 0.02377810887992382 0.034204304218292236 0.03856047987937927
27 66700 0.10553471744060516 0.2467620074748993 34.61791229248047 0.010663793422281742 0.020981421694159508 0.02353210747241974
27 66800 0.24118223786354065 0.23282673954963684 22.627681732177734 0.058246854692697525 0.060198016464710236 0.08147060126066208
27 66900 0.16214214265346527 0.23127034306526184 27.211305618286133 0.04477749392390251 0.04348110035061836 0.04123229160904884
27 67000 0.1264522671699524 0.2449629306793213 31.059131622314453 0.01586986891925335 0.03109647147357464 0.03534585237503052
27 67100 0.0995212197303772 0.24707382917404175 32.58154296875 0.012095252051949501 0.02462618611752987 0.02730190008878708
27 67200 0.15458977222442627 0.23678524792194366 28.231975555419922 0.03261691704392433 0.04604395851492882 0.04790152236819267
27 67300 0.22913798689842224 0.23017290234565735 23.335195541381836 0.060939714312553406 0.06682585924863815 0.07109133154153824
27 67400 0.21232548356056213 0.23274654150009155 24.647018432617188 0.06957327574491501 0.06083396077156067 0.0733894631266594
27 67500 0.12314654886722565 0.23948553204536438 30.971717834472656 0.021527422592043877 0.03472951054573059 0.03269333764910698
27 67600 0.13571129739284515 0.24937289953231812 32.77409744262695 0.012933644466102123 0.02943040244281292 0.041104331612586975
27 67700 0.11505552381277084 0.24672368168830872 28.275344848632812 0.018276412039995193 0.02689567767083645 0.0360485315322876
27 67800 0.19880014657974243 0.23819132149219513 22.84965705871582 0.04901658743619919 0.05198105052113533 0.0735030397772789
27 67900 0.16967463493347168 0.23694021999835968 25.74327278137207 0.026819709688425064 0.04437963292002678 0.048258017748594284
28 68000 0.15766042470932007 0.24424339830875397 28.464548110961914 0.018142633140087128 0.03892963379621506 0.04717625305056572
28 68100 0.1656474620103836 0.23993748426437378 26.340164184570312 0.035722631961107254 0.039343055337667465 0.04972602799534798
28 68200 0.12172117829322815 0.24461865425109863 31.848094940185547 0.018556779250502586 0.022388741374015808 0.024623729288578033
28 68300 0.16513478755950928 0.24347054958343506 28.005552291870117 0.02532750368118286 0.04175065830349922 0.05373627692461014
28 68400 0.2871670722961426 0.22464090585708618 21.40995216369629 0.06495703011751175 0.06919058412313461 0.09331271052360535
28 68500 0.16440920531749725 0.24778799712657928 26.739492416381836 0.02766617015004158 0.03473130613565445 0.0395301952958107
28 68600 0.18518996238708496 0.24895697832107544 27.706281661987305 0.025874892249703407 0.04361420497298241 0.0602349117398262
28 68700 0.26140129566192627 0.22909358143806458 23.392969131469727 0.059493523091077805 0.05933879688382149 0.10422933846712112
28 68800 0.16720515489578247 0.23748283088207245 26.9527587890625 0.03249921649694443 0.041155003011226654 0.04422948881983757
28 68900 0.12013272941112518 0.24313458800315857 28.74958038330078 0.03037661872804165 0.032490380108356476 0.028861338272690773
28 69000 0.211104616522789 0.24322281777858734 23.29826545715332 0.0617186538875103 0.045167114585638046 0.05351640284061432
