1 100 0.5449723601341248 0.24768157303333282 16.7127685546875 0.10386962443590164
1 200 0.34764620661735535 0.23970642685890198 23.59270668029785 0.0621611513197422
1 300 0.36237847805023193 0.23980237543582916 25.021442413330078 0.09730464965105057
1 400 0.4823254644870758 0.21933938562870026 22.352340698242188 0.09068812429904938
1 500 0.44780755043029785 0.200724259018898 23.04897689819336 0.06331717222929001
1 600 0.29569491744041443 0.23710252344608307 27.83456039428711 0.042983412742614746
1 700 0.7015061378479004 0.21820113062858582 20.209278106689453 0.11420348286628723
1 100 0.5949010848999023 0.24833747744560242 17.165674209594727 0.09855268150568008
1 200 0.3875032663345337 0.24012133479118347 21.940673828125 0.08189935237169266
1 300 0.3717508316040039 0.24262863397598267 24.567049026489258 0.10240944474935532
1 400 0.48425427079200745 0.22922393679618835 22.319074630737305 0.09067535400390625
1 500 0.4177250266075134 0.21088126301765442 23.560104370117188 0.06037680804729462
1 600 0.2749834954738617 0.24706530570983887 28.590696334838867 0.03706710413098335
1 700 0.654654324054718 0.2383408397436142 19.942378997802734 0.11712136119604111
1 800 0.28597936034202576 0.22956052422523499 24.747631072998047 0.06653476506471634
1 900 0.3590468764305115 0.22074954211711884 23.894853591918945 0.058531809598207474
1 1000 0.6568101048469543 0.21821600198745728 18.725101470947266 0.08259990066289902
1 1100 0.5268366932868958 0.2243797481060028 20.736669540405273 0.06635695695877075
1 1200 0.39064812660217285 0.23146963119506836 22.317323684692383 0.08274676650762558
1 1300 0.5939567685127258 0.22697755694389343 19.186668395996094 0.14293932914733887
1 1400 0.28023380041122437 0.2399582415819168 25.84107780456543 0.044814083725214005
1 1500 0.2962925136089325 0.2309778332710266 25.505321502685547 0.06431049853563309
1 1600 0.8583329916000366 0.23499184846878052 13.338264465332031 0.1803944706916809
1 1700 0.5673420429229736 0.225921630859375 18.343618392944336 0.14405085146427155
1 1800 0.5900675058364868 0.21732376515865326 19.828176498413086 0.08535616844892502
1 1900 0.243019238114357 0.24450713396072388 28.090421676635742 0.03639023005962372
1 2000 0.223204106092453 0.24930226802825928 29.76996612548828 0.032986585050821304
1 2100 0.4150518774986267 0.22422559559345245 21.51948356628418 0.08634621649980545
1 2200 0.3650798499584198 0.22952115535736084 22.91902732849121 0.0972028449177742
1 2300 0.3586309850215912 0.2348657250404358 22.983217239379883 0.08624420315027237
1 2400 0.2634444534778595 0.24441197514533997 24.987123489379883 0.04388789087533951
1 2500 0.381270170211792 0.22955429553985596 23.146507263183594 0.08346321433782578
1 2600 0.41850289702415466 0.2498530000448227 17.593669891357422 0.1510949283838272
1 2700 0.5780626535415649 0.2290632426738739 16.668991088867188 0.11905364692211151
1 2800 0.5358991622924805 0.23461297154426575 19.12293815612793 0.14279484748840332
1 2900 0.14036382734775543 0.25136256217956543 36.02128219604492 0.01988658681511879
1 3000 0.23498627543449402 0.2341921627521515 25.19108772277832 0.08831983804702759
1 3100 0.13603605329990387 0.26034456491470337 32.54285430908203 0.01943790540099144
1 3200 0.36846357583999634 0.2424296885728836 20.858057022094727 0.05522572621703148
1 3300 0.27091920375823975 0.24687093496322632 26.43855094909668 0.06451766192913055
1 3400 0.3513384759426117 0.23515257239341736 22.58592987060547 0.061716239899396896
1 3500 0.32240021228790283 0.25353994965553284 25.835756301879883 0.043150968849658966
1 3600 0.199220210313797 0.24841488897800446 28.097763061523438 0.050110649317502975
1 3700 0.20598816871643066 0.25541865825653076 29.497243881225586 0.03467341512441635
1 3800 0.5051348805427551 0.24339334666728973 17.537057876586914 0.08449855446815491
1 3900 0.23194602131843567 0.2346360683441162 27.894168853759766 0.12574324011802673
1 4000 0.33453643321990967 0.24533480405807495 23.852636337280273 0.04258929565548897
1 4100 0.25348860025405884 0.2382555603981018 26.409534454345703 0.042069487273693085
1 4200 0.3920191824436188 0.2437712550163269 23.044795989990234 0.05672064051032066
1 4300 0.5070614814758301 0.23772908747196198 18.458065032958984 0.10472872853279114
1 4400 0.47581666707992554 0.2315979301929474 18.895784378051758 0.10746391862630844
1 4500 0.38334232568740845 0.23276351392269135 23.413230895996094 0.08479827642440796
1 4600 0.18825656175613403 0.2540197968482971 30.61359214782715 0.029979849234223366
1 4700 0.26487648487091064 0.2435026466846466 24.569368362426758 0.07011991739273071
1 4800 0.5960355401039124 0.2478267103433609 14.306472778320312 0.19227033853530884
1 4900 0.4247162938117981 0.24057772755622864 20.620834350585938 0.09428637474775314
1 5000 0.3409917950630188 0.24633941054344177 22.294626235961914 0.06183499097824097
1 5100 0.30257415771484375 0.2509605288505554 22.42937469482422 0.06551780551671982
1 5200 0.15481004118919373 0.2625235915184021 32.55255889892578 0.023524178192019463
1 5300 0.17595461010932922 0.24679195880889893 32.59031295776367 0.035545915365219116
1 5400 0.12186412513256073 0.25013601779937744 35.769527435302734 0.031415149569511414
1 5500 0.385791152715683 0.24002116918563843 20.83257484436035 0.1252964586019516
1 5600 0.5440413951873779 0.23878812789916992 19.397029876708984 0.13081425428390503
1 5700 0.45100879669189453 0.24295362830162048 18.092485427856445 0.1364334523677826
1 5800 0.48697054386138916 0.2478109896183014 17.801681518554688 0.10509758442640305
1 5900 0.40256714820861816 0.2288331240415573 22.134742736816406 0.06969202309846878
1 6000 0.32137152552604675 0.2408730685710907 22.008779525756836 0.055431630462408066
1 6100 0.16957949101924896 0.2425110787153244 28.769298553466797 0.03818048536777496
1 6200 0.34100577235221863 0.23171287775039673 23.92027473449707 0.07116048038005829
1 6300 0.2094794511795044 0.26083052158355713 21.787370681762695 0.05902764946222305
1 6400 0.3793247938156128 0.23569601774215698 21.225248336791992 0.093991719186306
1 6500 0.3886886239051819 0.2339038997888565 21.04512596130371 0.12003304809331894
1 6600 0.2819931209087372 0.23039624094963074 24.624534606933594 0.05597495287656784
1 6700 0.2026837170124054 0.25051116943359375 27.756690979003906 0.04458041489124298
1 6800 0.5227758884429932 0.23981453478336334 18.82464599609375 0.09332680702209473
1 6900 0.5490991473197937 0.22428469359874725 19.986074447631836 0.09418629109859467
1 7000 0.48896101117134094 0.24416197836399078 16.246681213378906 0.1183026134967804
1 7100 0.2937343418598175 0.23851266503334045 22.877397537231445 0.10166340321302414
2 7200 0.4236626923084259 0.2312004566192627 19.531057357788086 0.09637723118066788
2 7300 0.47779637575149536 0.23224899172782898 20.75042152404785 0.05888069421052933
2 7400 0.291692852973938 0.24186056852340698 27.909345626831055 0.05753690376877785
2 7500 0.14687243103981018 0.25164994597435 32.20777893066406 0.027815409004688263
2 7600 0.5605143308639526 0.23727194964885712 20.916748046875 0.07778272777795792
2 7700 0.3300928473472595 0.242538183927536 23.582141876220703 0.061099737882614136
2 7800 0.3221361041069031 0.23962831497192383 23.137027740478516 0.07412704825401306
2 7900 0.46255064010620117 0.22713425755500793 20.944271087646484 0.06903728097677231
2 8000 0.3721098303794861 0.2250661551952362 21.964378356933594 0.10001721978187561
2 8100 0.41362065076828003 0.23356720805168152 20.425214767456055 0.10717625916004181
2 8200 0.4151027500629425 0.24073919653892517 22.301374435424805 0.07340504229068756
2 8300 0.11157824099063873 0.25226980447769165 33.094905853271484 0.0197121724486351
2 8400 0.10539188981056213 0.2586769461631775 31.91452407836914 0.025458285585045815
2 8500 0.40211302042007446 0.2370850145816803 21.29392433166504 0.07742702960968018
2 8600 0.28090351819992065 0.23650352656841278 23.916032791137695 0.06003079190850258
2 8700 0.4214317500591278 0.2388046681880951 21.27277946472168 0.0838962122797966
2 8800 0.25529545545578003 0.23317480087280273 24.28786849975586 0.1097397729754448
2 8900 0.3572080135345459 0.2324678599834442 25.186647415161133 0.03871208056807518
2 9000 0.49634766578674316 0.22896906733512878 17.50494956970215 0.12441404163837433
2 9100 0.23078545928001404 0.23996827006340027 27.41167449951172 0.07761791348457336
2 9200 0.378403902053833 0.23247288167476654 22.950002670288086 0.08851123601198196
2 9300 0.5048856139183044 0.2305162250995636 19.505023956298828 0.12250155955553055
2 9400 0.11609893292188644 0.250876784324646 33.34585952758789 0.01619766838848591
2 9500 0.2565237283706665 0.24512191116809845 26.750125885009766 0.06504135578870773
2 9600 0.2840724587440491 0.22199586033821106 23.48509979248047 0.07730616629123688
2 9700 0.2736388146877289 0.25185519456863403 25.600282669067383 0.046946220099925995
2 9800 0.16209641098976135 0.24638181924819946 29.148099899291992 0.05617808923125267
2 9900 0.17682603001594543 0.24425075948238373 27.187734603881836 0.0577106848359108
2 10000 0.35470330715179443 0.249357670545578 22.305683135986328 0.05859025940299034
2 10100 0.5632399320602417 0.2284807562828064 19.641986846923828 0.1038336455821991
2 10200 0.14812053740024567 0.2472580075263977 27.77092742919922 0.07469254732131958
2 10300 0.26159238815307617 0.2365214228630066 24.424591064453125 0.07933709025382996
2 10400 0.3974403440952301 0.23310714960098267 22.707286834716797 0.10477125644683838
2 10500 0.2357071340084076 0.2345244288444519 25.849637985229492 0.062133267521858215
2 10600 0.4262322783470154 0.23943154513835907 21.32781982421875 0.05501030385494232
2 10700 0.2937478721141815 0.23253095149993896 24.7623233795166 0.07272433489561081
2 10800 0.1480671614408493 0.24380257725715637 30.438764572143555 0.0412200391292572
2 10900 0.3521226644515991 0.22454091906547546 21.492502212524414 0.11746297031641006
2 11000 0.40540969371795654 0.23398838937282562 18.900697708129883 0.08726200461387634
2 11100 0.4729858636856079 0.22687309980392456 19.191293716430664 0.07901515066623688
2 11200 0.13447022438049316 0.24949444830417633 31.478002548217773 0.02086290344595909
2 11300 0.27644699811935425 0.23754023015499115 26.48303985595703 0.0445176437497139
2 11400 0.18578484654426575 0.2551676630973816 28.494314193725586 0.02647300623357296
2 11500 0.19521629810333252 0.24791069328784943 29.300752639770508 0.03639855980873108
2 11600 0.4659293591976166 0.22867655754089355 18.982635498046875 0.1315373182296753
2 11700 0.15873250365257263 0.25796496868133545 30.562660217285156 0.01872674934566021
2 11800 0.5030586123466492 0.22510316967964172 18.32427215576172 0.1019943505525589
2 11900 0.18856403231620789 0.24683865904808044 31.050615310668945 0.022769294679164886
2 12000 0.23153012990951538 0.24316194653511047 26.0455379486084 0.043230090290308
2 12100 0.29921334981918335 0.23235522210597992 22.86326026916504 0.10749217122793198
2 12200 0.19392919540405273 0.24521169066429138 29.054590225219727 0.038526345044374466
2 12300 0.3758373260498047 0.2204102873802185 21.09572982788086 0.07750493288040161
2 12400 0.47505033016204834 0.22994519770145416 21.368432998657227 0.10666461288928986
2 12500 0.26036614179611206 0.23042698204517365 24.6894474029541 0.08124980330467224
2 12600 0.2499876320362091 0.22901663184165955 24.547435760498047 0.07759994268417358
2 12700 0.33708643913269043 0.22416096925735474 22.048465728759766 0.10127615183591843
2 12800 0.20330728590488434 0.24252553284168243 25.610431671142578 0.035600319504737854
2 12900 0.1008654534816742 0.255545973777771 34.75934600830078 0.022138163447380066
2 13000 0.33246296644210815 0.23639601469039917 25.032482147216797 0.041236378252506256
2 13100 0.3073817491531372 0.22953160107135773 23.28387451171875 0.08052430301904678
2 13200 0.12311132252216339 0.24964171648025513 34.880672454833984 0.032961249351501465
2 13300 0.3603131175041199 0.221328467130661 21.838537216186523 0.06292309612035751
2 13400 0.3969792127609253 0.2213418185710907 22.926652908325195 0.05745317414402962
2 13500 0.35522109270095825 0.2210312783718109 22.368043899536133 0.08300366997718811
2 13600 0.16902008652687073 0.24522289633750916 31.043384552001953 0.04528544470667839
2 13700 0.2701548635959625 0.23370137810707092 27.059293746948242 0.03411014750599861
2 13800 0.4951189160346985 0.21510794758796692 19.155094146728516 0.09649715572595596
2 13900 0.1675281822681427 0.23995544016361237 31.801193237304688 0.03460118919610977
2 14000 0.3558731973171234 0.21817098557949066 21.626554489135742 0.07945564389228821
2 14100 0.4622478783130646 0.2133018523454666 18.61092758178711 0.09961380809545517
2 14200 0.2872064709663391 0.2296997308731079 22.713481903076172 0.071710966527462
3 14300 0.4576384425163269 0.22048860788345337 18.487550735473633 0.08315281569957733
3 14400 0.22455847263336182 0.24246186017990112 27.478683471679688 0.04070359468460083
3 14500 0.08977971225976944 0.2530069351196289 37.35835647583008 0.015239128842949867
3 14600 0.28943905234336853 0.22450734674930573 22.670671463012695 0.07107380777597427
3 14700 0.18211790919303894 0.23927155137062073 31.091670989990234 0.03375173732638359
3 14800 0.2113177478313446 0.24421538412570953 29.078397750854492 0.03224056959152222
3 14900 0.3712294399738312 0.21766729652881622 21.78374481201172 0.09895230829715729
3 15000 0.30293920636177063 0.2435382902622223 24.63515281677246 0.03440241515636444
3 15100 0.23562464118003845 0.24611474573612213 26.56850242614746 0.04507877305150032
3 15200 0.17018431425094604 0.23767930269241333 27.47616195678711 0.0445561520755291
3 15300 0.15039552748203278 0.2549523711204529 33.867897033691406 0.010844592936336994
3 15400 0.43126872181892395 0.21355381608009338 22.082841873168945 0.07420812547206879
3 15500 0.37451204657554626 0.23703154921531677 22.742538452148438 0.04266754537820816
3 15600 0.11766941845417023 0.2520393431186676 34.54722595214844 0.01187257282435894
3 15700 0.18360063433647156 0.24047675728797913 24.829669952392578 0.04143017157912254
3 15800 0.1803622990846634 0.22969017922878265 27.895294189453125 0.06852153688669205
3 15900 0.2404736578464508 0.22407126426696777 26.739688873291016 0.04354581981897354
3 16000 0.16112664341926575 0.24474725127220154 29.359895706176758 0.04172923415899277
3 16100 0.2409917712211609 0.238153338432312 25.925025939941406 0.06964486092329025
3 16200 0.3969269394874573 0.2299061417579651 20.326702117919922 0.11508086323738098
3 16300 0.26951831579208374 0.235409215092659 25.28034019470215 0.04552086815237999
3 16400 0.42015063762664795 0.21939510107040405 19.362367630004883 0.1199764609336853
3 16500 0.3888094127178192 0.2234361469745636 20.408601760864258 0.15590281784534454
3 16600 0.3597691059112549 0.22443945705890656 21.228361129760742 0.09235771000385284
3 16700 0.36947399377822876 0.2153346985578537 22.829896926879883 0.0929732546210289
3 16800 0.36709702014923096 0.23086252808570862 22.376998901367188 0.05776812881231308
3 16900 0.2344655841588974 0.22691869735717773 23.372697830200195 0.09081213176250458
3 17000 0.15115252137184143 0.25895002484321594 30.541059494018555 0.020520053803920746
3 17100 0.06491531431674957 0.24985438585281372 37.08161926269531 0.010770037770271301
3 17200 0.354033499956131 0.23182837665081024 21.736495971679688 0.0777793824672699
3 17300 0.3985065817832947 0.2111356258392334 22.11641502380371 0.05987391248345375
3 17400 0.41033369302749634 0.2121436595916748 19.064096450805664 0.09521731734275818
3 17500 0.28384968638420105 0.21872469782829285 23.98656463623047 0.043278418481349945
3 17600 0.13801321387290955 0.2464480996131897 31.73134422302246 0.05992836877703667
3 17700 0.15201878547668457 0.24620869755744934 27.998268127441406 0.024516433477401733
3 17800 0.2804097831249237 0.21899576485157013 22.88541603088379 0.0906459167599678
3 17900 0.2710391581058502 0.23101037740707397 25.654502868652344 0.048098064959049225
3 18000 0.3122432827949524 0.21632185578346252 24.368099212646484 0.08161337673664093
3 18100 0.179025799036026 0.24950376152992249 30.081863403320312 0.03053751215338707
3 18200 0.42285817861557007 0.2103176712989807 20.04014778137207 0.11726678162813187
3 18300 0.14849281311035156 0.24357885122299194 29.537254333496094 0.027253368869423866
3 18400 0.179351806640625 0.24414601922035217 27.57550621032715 0.0394013486802578
3 18500 0.20147764682769775 0.24964898824691772 24.30197525024414 0.05211152508854866
3 18600 0.4189140796661377 0.2169024646282196 21.074007034301758 0.06460834294557571
3 18700 0.21568188071250916 0.23803135752677917 26.29700469970703 0.06664467602968216
3 18800 0.16957280039787292 0.24576707184314728 30.46566390991211 0.031933389604091644
3 18900 0.24021577835083008 0.22326768934726715 25.816913604736328 0.044886138290166855
3 19000 0.21832510828971863 0.24277842044830322 25.802433013916016 0.05449541658163071
3 19100 0.17246106266975403 0.2484816461801529 28.17261505126953 0.028447167947888374
3 19200 0.12023892998695374 0.2493865191936493 32.98068618774414 0.03902583196759224
3 19300 0.1499696969985962 0.24215710163116455 29.8853702545166 0.026737553998827934
3 19400 0.2842976450920105 0.2198159396648407 22.535301208496094 0.10174433887004852
3 19500 0.24403387308120728 0.23276063799858093 25.466388702392578 0.04850998520851135
3 19600 0.21493956446647644 0.2526409327983856 24.504405975341797 0.050337184220552444
3 19700 0.3064613342285156 0.2165149748325348 22.641239166259766 0.06494702398777008
3 19800 0.3123077154159546 0.2256808578968048 23.700891494750977 0.11236082762479782
3 19900 0.459917813539505 0.22077059745788574 19.230213165283203 0.10644619166851044
3 20000 0.26203492283821106 0.21736469864845276 24.514184951782227 0.07432835549116135
3 20100 0.1817074418067932 0.23713268339633942 28.03065299987793 0.027229269966483116
3 20200 0.23014068603515625 0.22638948261737823 25.94744110107422 0.06062136963009834
3 20300 0.18326623737812042 0.2419077754020691 25.987539291381836 0.05801297724246979
3 20400 0.4334897994995117 0.22320573031902313 19.70853042602539 0.07914149761199951
3 20500 0.3517347276210785 0.22095710039138794 21.144668579101562 0.09751418977975845
3 20600 0.21100212633609772 0.2369222342967987 25.78824806213379 0.07704377174377441
3 20700 0.4795447587966919 0.2199138104915619 20.049091339111328 0.05506347492337227
3 20800 0.4402724504470825 0.21328310668468475 18.95894432067871 0.07631891220808029
3 20900 0.3610355257987976 0.21624980866909027 23.410066604614258 0.04954078793525696
3 21000 0.24871167540550232 0.22030019760131836 24.70720672607422 0.09158012270927429
3 21100 0.18762509524822235 0.24159032106399536 26.619915008544922 0.04976570978760719
3 21200 0.10872536897659302 0.2545478045940399 35.90961456298828 0.009038593620061874
3 21300 0.3418877124786377 0.20922866463661194 22.802976608276367 0.057103414088487625
4 21400 0.38358286023139954 0.23142990469932556 21.980979919433594 0.043864063918590546
4 21500 0.35990485548973083 0.2130815088748932 21.474809646606445 0.09179243445396423
4 21600 0.5298148393630981 0.20852932333946228 17.46486473083496 0.08317965269088745
4 21700 0.28046849370002747 0.21985027194023132 24.89316749572754 0.06523782759904861
4 21800 0.5547544956207275 0.2237214893102646 16.010028839111328 0.11120496690273285
4 21900 0.06236669048666954 0.2554287910461426 38.2728157043457 0.01605070009827614
4 22000 0.4026307463645935 0.22031141817569733 20.55290985107422 0.13507595658302307
4 22100 0.478087842464447 0.20705947279930115 22.058734893798828 0.057080551981925964
4 22200 0.3293989300727844 0.2340005487203598 25.185745239257812 0.038416288793087006
4 22300 0.2390681654214859 0.20925304293632507 25.30733299255371 0.05400396138429642
4 22400 0.3954243063926697 0.21745599806308746 19.912691116333008 0.1462555080652237
4 22500 0.44890525937080383 0.2153647541999817 21.10588264465332 0.08858262002468109
4 22600 0.21331031620502472 0.2330160140991211 26.293684005737305 0.04599084332585335
4 22700 0.4045596420764923 0.2260923981666565 21.34285545349121 0.09218213707208633
4 22800 0.3196353614330292 0.20898421108722687 22.71261215209961 0.09009896218776703
4 22900 0.41039568185806274 0.2164086252450943 19.232240676879883 0.09931201487779617
4 23000 0.21016192436218262 0.266629695892334 29.48036766052246 0.023808663710951805
4 23100 0.19334490597248077 0.23492586612701416 27.618825912475586 0.036599285900592804
4 23200 0.221605122089386 0.22894325852394104 25.17827606201172 0.08264036476612091
4 23300 0.1191137284040451 0.2412518709897995 32.1995964050293 0.01793503388762474
4 23400 0.1832713782787323 0.2338007390499115 28.535425186157227 0.05750293657183647
4 23500 0.28122150897979736 0.21434946358203888 23.820798873901367 0.09094344079494476
4 23600 0.13159841299057007 0.23891916871070862 33.09782791137695 0.029363341629505157
4 23700 0.39255058765411377 0.21858444809913635 20.588895797729492 0.1334991157054901
4 23800 0.13999997079372406 0.25687289237976074 31.32753562927246 0.017775749787688255
4 23900 0.28016623854637146 0.23598822951316833 24.379613876342773 0.04761315509676933
4 24000 0.1976017951965332 0.24523687362670898 28.194747924804688 0.021654069423675537
4 24100 0.280231773853302 0.2243017852306366 22.628551483154297 0.08123793452978134
4 24200 0.2756541967391968 0.21081086993217468 23.94868278503418 0.12188345938920975
4 24300 0.2186393141746521 0.23832526803016663 25.80718421936035 0.045261576771736145
4 24400 0.30422767996788025 0.22000372409820557 21.879838943481445 0.08163164556026459
4 24500 0.43095552921295166 0.22499018907546997 17.91284942626953 0.09460066258907318
4 24600 0.3386175036430359 0.22034037113189697 21.141998291015625 0.10398083925247192
4 24700 0.43462371826171875 0.22352080047130585 18.91749382019043 0.11391454935073853
4 24800 0.0804159939289093 0.24858540296554565 40.723270416259766 0.01474248617887497
4 24900 0.18210476636886597 0.24003173410892487 27.294164657592773 0.03628314658999443
4 25000 0.3046477138996124 0.22146368026733398 23.29486846923828 0.053737230598926544
4 25100 0.2799048125743866 0.24261602759361267 22.302886962890625 0.03832509368658066
4 25200 0.47173458337783813 0.23583923280239105 18.0252742767334 0.13401225209236145
4 25300 0.43205374479293823 0.2206064909696579 20.040021896362305 0.09394130855798721
4 25400 0.13774266839027405 0.24612797796726227 27.868362426757812 0.04071863740682602
4 25500 0.368042528629303 0.2182125598192215 20.661882400512695 0.06215612590312958
4 25600 0.17290428280830383 0.283030241727829 30.101821899414062 0.016619866713881493
4 25700 0.152983158826828 0.26972711086273193 31.567659378051758 0.020769191905856133
4 25800 0.28968968987464905 0.2396981567144394 21.666475296020508 0.04962221533060074
4 25900 0.21345016360282898 0.2403334677219391 26.78352165222168 0.03180864453315735
4 26000 0.29712367057800293 0.21055737137794495 23.08204460144043 0.08473256230354309
4 26100 0.3219147324562073 0.22303815186023712 22.35255241394043 0.06148645281791687
4 26200 0.19629359245300293 0.23663072288036346 28.850082397460938 0.02707698754966259
4 26300 0.14810195565223694 0.23812927305698395 29.46227264404297 0.03012823313474655
4 26400 0.1961159110069275 0.2505936026573181 24.743038177490234 0.030444186180830002
4 26500 0.24326935410499573 0.22932292520999908 26.03566551208496 0.03796747326850891
4 26600 0.10454075783491135 0.2573118507862091 31.87567138671875 0.013078512623906136
4 26700 0.18391460180282593 0.24222233891487122 27.476408004760742 0.04296696558594704
4 26800 0.09792609512805939 0.2542111277580261 38.709815979003906 0.01415212545543909
4 26900 0.2878630757331848 0.22066541016101837 23.693849563598633 0.04958730190992355
4 27000 0.16245749592781067 0.25157392024993896 31.321659088134766 0.0188154187053442
4 27100 0.2601606845855713 0.22701655328273773 27.24847984313965 0.0416310653090477
4 27200 0.4487624168395996 0.21276713907718658 18.393770217895508 0.0910089835524559
4 27300 0.18207892775535583 0.2375786006450653 26.750978469848633 0.047040827572345734
4 27400 0.24522185325622559 0.22326958179473877 23.39462661743164 0.04987088590860367
4 27500 0.1052851676940918 0.2476014941930771 33.25675964355469 0.026955600827932358
4 27600 0.3458632528781891 0.19714286923408508 21.26555824279785 0.10603547096252441
4 27700 0.21996453404426575 0.2521416246891022 28.063934326171875 0.02175094373524189
4 27800 0.5973691940307617 0.20995715260505676 17.051462173461914 0.11020296066999435
4 27900 0.5363779067993164 0.2264167219400406 17.66832160949707 0.13975587487220764
4 28000 0.3511517643928528 0.2092338353395462 20.400144577026367 0.110872782766819
4 28100 0.11039629578590393 0.25631651282310486 33.703792572021484 0.02140164002776146
4 28200 0.3235318064689636 0.20625922083854675 21.967668533325195 0.07623499631881714
4 28300 0.15083220601081848 0.23787081241607666 32.66459274291992 0.013277743943035603
4 28400 0.2041345089673996 0.22000998258590698 25.149948120117188 0.10609325021505356
5 28500 0.36533957719802856 0.21593043208122253 21.13775062561035 0.10586714744567871
5 28600 0.33808356523513794 0.2169221192598343 22.420202255249023 0.06686760485172272
5 28700 0.31742435693740845 0.2086503803730011 20.56793785095215 0.057186830788850784
5 28800 0.1654183566570282 0.24086317420005798 31.804811477661133 0.02431129291653633
5 28900 0.47474125027656555 0.21657255291938782 20.72392463684082 0.08444029837846756
5 29000 0.3550679385662079 0.2244935929775238 21.36386489868164 0.05716134235262871
5 29100 0.13917911052703857 0.2435181438922882 29.10557746887207 0.05746389925479889
5 29200 0.17609722912311554 0.233504518866539 27.55665397644043 0.034867752343416214
5 29300 0.3027683198451996 0.21719911694526672 23.655712127685547 0.08869297057390213
5 29400 0.2536349892616272 0.21128186583518982 23.651287078857422 0.09155338257551193
5 29500 0.1909627616405487 0.23404483497142792 24.472150802612305 0.04483211413025856
5 29600 0.23887667059898376 0.2174949049949646 23.930294036865234 0.09334283322095871
5 29700 0.14095363020896912 0.24760884046554565 30.859050750732422 0.019190117716789246
5 29800 0.14982520043849945 0.23893579840660095 28.59503746032715 0.03499327600002289
5 29900 0.5443547368049622 0.19727753102779388 18.63300895690918 0.11015919595956802
5 30000 0.16955210268497467 0.24353410303592682 28.986295700073242 0.0349547304213047
5 30100 0.04564639925956726 0.2506295442581177 39.75136184692383 0.014539459720253944
5 30200 0.2756686210632324 0.22378310561180115 27.34491539001465 0.05356376990675926
5 30300 0.11086752265691757 0.24219974875450134 30.6313419342041 0.034081269055604935
5 30400 0.3255823254585266 0.20980964601039886 22.145732879638672 0.0975634828209877
5 30500 0.17056159675121307 0.24365326762199402 27.417713165283203 0.03028523176908493
5 30600 0.29584503173828125 0.20475159585475922 23.04405975341797 0.06322770565748215
5 30700 0.2445901334285736 0.24259641766548157 22.3911075592041 0.062039248645305634
5 30800 0.29990726709365845 0.22728654742240906 23.355688095092773 0.04364769160747528
5 30900 0.30766671895980835 0.23024560511112213 23.659996032714844 0.07752731442451477
5 31000 0.45046812295913696 0.22427307069301605 18.83390998840332 0.11454106867313385
5 31100 0.20803877711296082 0.22223839163780212 25.864992141723633 0.05085230991244316
5 31200 0.369071364402771 0.20597553253173828 19.544336318969727 0.11402693390846252
5 31300 0.2615337669849396 0.214700385928154 23.880090713500977 0.07292530685663223
5 31400 0.34216874837875366 0.21687981486320496 21.404329299926758 0.08598992228507996
5 31500 0.41368353366851807 0.20963647961616516 21.049907684326172 0.0678887814283371
5 31600 0.2770048677921295 0.20726707577705383 24.47323989868164 0.05696488544344902
5 31700 0.2184186428785324 0.22539348900318146 26.0613956451416 0.044758155941963196
5 31800 0.2750672698020935 0.22114890813827515 22.92252540588379 0.05513058230280876
5 31900 0.19317132234573364 0.23921243846416473 29.213598251342773 0.024847468361258507
5 32000 0.31000179052352905 0.21287408471107483 21.56993293762207 0.08322428166866302
5 32100 0.22257205843925476 0.23018419742584229 24.86664581298828 0.048033565282821655
5 32200 0.3330036401748657 0.2061832845211029 21.473913192749023 0.10753471404314041
5 32300 0.5285465717315674 0.20762071013450623 15.641159057617188 0.16519613564014435
5 32400 0.13702544569969177 0.2612794041633606 36.06938934326172 0.013897771947085857
5 32500 0.281939834356308 0.24467799067497253 23.33553123474121 0.05637384578585625
5 32600 0.3805193305015564 0.2075783908367157 21.67317008972168 0.08632832020521164
5 32700 0.15495805442333221 0.2448817789554596 25.33270263671875 0.032016485929489136
5 32800 0.20310078561306 0.23612216114997864 25.543197631835938 0.0805908739566803
5 32900 0.22749316692352295 0.21218335628509521 26.12685203552246 0.047116469591856
5 33000 0.1870654970407486 0.22912469506263733 26.7014217376709 0.04795113205909729
5 33100 0.24792654812335968 0.225105881690979 25.05963897705078 0.08229805529117584
5 33200 0.25484994053840637 0.23057574033737183 23.27606773376465 0.052739471197128296
5 33300 0.09320992231369019 0.2475825846195221 36.482940673828125 0.009992591105401516
5 33400 0.47115492820739746 0.20062297582626343 19.316511154174805 0.09508172422647476
5 33500 0.34749722480773926 0.21840597689151764 22.899852752685547 0.08371171355247498
5 33600 0.3659014403820038 0.21025466918945312 20.9934139251709 0.08332997560501099
5 33700 0.38329166173934937 0.20481865108013153 20.755830764770508 0.07287359237670898
5 33800 0.44803404808044434 0.22931474447250366 19.058704376220703 0.09233582019805908
5 33900 0.35252201557159424 0.21739284694194794 20.74385643005371 0.0838729739189148
5 34000 0.24377834796905518 0.23156389594078064 24.77206802368164 0.04660612717270851
5 34100 0.26452013850212097 0.2177053689956665 26.053997039794922 0.04746668040752411
5 34200 0.2882261276245117 0.22255471348762512 22.164888381958008 0.07207949459552765
5 34300 0.10323188453912735 0.24569401144981384 34.69197082519531 0.011877935379743576
5 34400 0.24395638704299927 0.22831252217292786 24.410476684570312 0.06609436124563217
5 34500 0.13738703727722168 0.2590358853340149 27.018491744995117 0.026785779744386673
5 34600 0.09764109551906586 0.25519677996635437 33.613136291503906 0.022726694121956825
5 34700 0.2416854351758957 0.20914623141288757 25.275222778320312 0.04787454009056091
5 34800 0.39682143926620483 0.20910483598709106 21.02825927734375 0.09350505471229553
5 34900 0.45652589201927185 0.2077462375164032 19.95906639099121 0.13191023468971252
5 35000 0.19877305626869202 0.24306270480155945 27.029661178588867 0.027155131101608276
5 35100 0.4433513581752777 0.20011454820632935 19.91012954711914 0.05336165800690651
5 35200 0.2463737428188324 0.22155332565307617 26.167224884033203 0.07498069107532501
5 35300 0.2860279679298401 0.21644148230552673 23.436304092407227 0.08240187913179398
5 35400 0.3244566321372986 0.20275184512138367 22.610965728759766 0.07235468178987503
5 35500 0.199827179312706 0.22731590270996094 26.188514709472656 0.050504572689533234
6 35600 0.19282320141792297 0.22303971648216248 27.59197235107422 0.04502392187714577
6 35700 0.2829349935054779 0.21200016140937805 24.153030395507812 0.05440373346209526
6 35800 0.2310205101966858 0.21787899732589722 25.299579620361328 0.08055921643972397
6 35900 0.20386061072349548 0.22910115122795105 27.492650985717773 0.04358137771487236
6 36000 0.33506375551223755 0.20236310362815857 21.446609497070312 0.11070018261671066
6 36100 0.14487098157405853 0.23872530460357666 30.47335433959961 0.025235433131456375
6 36200 0.23183536529541016 0.21074262261390686 23.390974044799805 0.08671442419290543
6 36300 0.25094762444496155 0.21545420587062836 24.72978973388672 0.05989164486527443
6 36400 0.13655126094818115 0.24229687452316284 33.31044006347656 0.017146345227956772
6 36500 0.35815608501434326 0.20252695679664612 20.00057029724121 0.10920913517475128
6 36600 0.36307477951049805 0.2095952033996582 22.518404006958008 0.0777352824807167
6 36700 0.3750584125518799 0.21398957073688507 21.027002334594727 0.06625309586524963
6 36800 0.38835880160331726 0.21514427661895752 19.394010543823242 0.08120710402727127
6 36900 0.26910585165023804 0.21910163760185242 24.43746566772461 0.0739053264260292
6 37000 0.3696584701538086 0.20009128749370575 21.59516143798828 0.08649476617574692
6 37100 0.062493305653333664 0.2502863109111786 35.01233673095703 0.01913083717226982
6 37200 0.1943591833114624 0.25005966424942017 27.300817489624023 0.026866020634770393
6 37300 0.14710569381713867 0.23625314235687256 29.81304359436035 0.04330243542790413
6 37400 0.4404485821723938 0.21049156785011292 19.22977638244629 0.08758027851581573
6 37500 0.2589421272277832 0.21429882943630219 24.16871452331543 0.07784254103899002
6 37600 0.28671908378601074 0.21253937482833862 23.141183853149414 0.10590396076440811
6 37700 0.11624076962471008 0.2539677619934082 35.0876579284668 0.013800582848489285
6 37800 0.21480943262577057 0.23480616509914398 26.09703826904297 0.04121388867497444
6 37900 0.22299757599830627 0.21902208030223846 25.750627517700195 0.05195099860429764
6 38000 0.08589054644107819 0.2499580681324005 36.65719985961914 0.019046852365136147
6 38100 0.29544103145599365 0.2048172950744629 22.532793045043945 0.09297788888216019
6 38200 0.14098960161209106 0.23818913102149963 31.698261260986328 0.03234364464879036
6 38300 0.36764341592788696 0.2058079093694687 20.875062942504883 0.11050911247730255
6 38400 0.3073389530181885 0.22586186230182648 24.030303955078125 0.05431795492768288
6 38500 0.22107818722724915 0.21217834949493408 25.77197265625 0.07480230927467346
6 38600 0.2593546211719513 0.21249735355377197 23.365459442138672 0.04044312611222267
6 38700 0.23916120827198029 0.2186298370361328 27.428388595581055 0.057767122983932495
6 38800 0.11874255537986755 0.24575358629226685 31.44839096069336 0.028685806319117546
6 38900 0.12354160100221634 0.2369602471590042 29.568342208862305 0.0528433583676815
6 39000 0.36395835876464844 0.19868701696395874 19.671449661254883 0.1114315539598465
6 39100 0.2571852207183838 0.2111959457397461 23.941133499145508 0.1328192949295044
6 39200 0.3062368631362915 0.22381460666656494 20.86515998840332 0.153619647026062
6 39300 0.2876255512237549 0.20239335298538208 20.618741989135742 0.09354940056800842
6 39400 0.08129485696554184 0.24000605940818787 35.27415084838867 0.02597915381193161
6 39500 0.12422816455364227 0.2492331862449646 31.69991111755371 0.012293893843889236
6 39600 0.21539904177188873 0.24226580560207367 23.83240509033203 0.04215297847986221
6 39700 0.2574421167373657 0.2337384819984436 27.51956558227539 0.03363021835684776
6 39800 0.3110560178756714 0.2122848629951477 22.33478355407715 0.05717327445745468
6 39900 0.1501149833202362 0.2318972945213318 29.85525131225586 0.04171954095363617
6 40000 0.10007253289222717 0.26701390743255615 35.8110237121582 0.008337879553437233
6 40100 0.32977423071861267 0.21311968564987183 22.836278915405273 0.060388896614313126
6 40200 0.12969112396240234 0.2511148750782013 27.01999282836914 0.030782785266637802
6 40300 0.23871469497680664 0.2218094766139984 24.433364868164062 0.040187474340200424
6 40400 0.4573558568954468 0.20441456139087677 19.096158981323242 0.09632162004709244
6 40500 0.30446362495422363 0.22661972045898438 22.498443603515625 0.04782232642173767
6 40600 0.2497325837612152 0.22663894295692444 25.046276092529297 0.04785146191716194
6 40700 0.3386942446231842 0.2102603167295456 24.06064224243164 0.0527995303273201
6 40800 0.13915127515792847 0.22591108083724976 30.1142578125 0.09019602835178375
6 40900 0.20512087643146515 0.22558750212192535 25.883651733398438 0.04439104348421097
6 41000 0.18805432319641113 0.2337982952594757 29.32218360900879 0.02388797327876091
6 41100 0.30187609791755676 0.2140280306339264 22.378795623779297 0.049311794340610504
6 41200 0.12235806882381439 0.24086150527000427 29.537546157836914 0.029219292104244232
6 41300 0.2793716490268707 0.216089129447937 23.661725997924805 0.08515020459890366
6 41400 0.3453577160835266 0.20793351531028748 20.767873764038086 0.08507934957742691
6 41500 0.370047926902771 0.20061491429805756 22.776588439941406 0.05478781834244728
6 41600 0.397867351770401 0.20029306411743164 20.597009658813477 0.12199912220239639
6 41700 0.07751920819282532 0.25426802039146423 37.94902038574219 0.01533470582216978
6 41800 0.2821965217590332 0.22503870725631714 20.410402297973633 0.06946980208158493
6 41900 0.17719826102256775 0.22903448343276978 30.07486343383789 0.043648771941661835
6 42000 0.3527083992958069 0.219478577375412 20.92439079284668 0.07479704171419144
6 42100 0.15796136856079102 0.23260635137557983 30.50455093383789 0.049060653895139694
6 42200 0.08705418556928635 0.2524462044239044 39.4698600769043 0.004844840615987778
6 42300 0.1405211091041565 0.24087564647197723 31.769756317138672 0.028024856001138687
6 42400 0.11653275042772293 0.25179803371429443 29.725454330444336 0.018663018941879272
6 42500 0.33272290229797363 0.22232359647750854 21.069969177246094 0.08335614204406738
6 42600 0.09248100221157074 0.24271784722805023 35.09627151489258 0.024395963177084923
1 100 0.7496593594551086 0.24031060934066772 21.812223434448242 0.06959611177444458
1 200 0.535778284072876 0.22356820106506348 21.017011642456055 0.10793749243021011
1 300 0.42026132345199585 0.23250064253807068 22.63579750061035 0.0715569481253624
1 400 0.5087003707885742 0.2323567122220993 21.442276000976562 0.061395272612571716
1 500 0.31721246242523193 0.23359206318855286 21.648332595825195 0.0758184865117073
1 600 0.3983629047870636 0.24034371972084045 21.33810043334961 0.07789196074008942
1 700 0.26676374673843384 0.24537238478660583 25.262168884277344 0.04867995157837868
1 800 0.3605878949165344 0.2382311224937439 22.29450798034668 0.07772546261548996
1 900 0.3593505918979645 0.23311156034469604 22.381120681762695 0.061585500836372375
1 1000 0.4362678527832031 0.23152247071266174 20.27220344543457 0.07213255763053894
1 1100 0.4747354984283447 0.23165614902973175 20.34532356262207 0.07227685302495956
1 1200 0.32285162806510925 0.23654209077358246 22.876033782958984 0.050245046615600586
1 1300 0.2915344536304474 0.24615418910980225 23.296770095825195 0.05536265671253204
1 1400 0.36988508701324463 0.23641803860664368 21.70730209350586 0.07785200327634811
1 1500 0.2906874716281891 0.24449166655540466 22.852890014648438 0.05508879944682121
1 1600 0.37326350808143616 0.24599605798721313 21.932371139526367 0.07541602849960327
1 1700 0.3642303943634033 0.23396846652030945 23.293733596801758 0.06258805841207504
2 1800 0.445038378238678 0.23828336596488953 17.114181518554688 0.14453208446502686
2 1900 0.45770812034606934 0.23303231596946716 21.379629135131836 0.07471183687448502
2 2000 0.30442169308662415 0.24105580151081085 22.953256607055664 0.06338942795991898
2 2100 0.30110085010528564 0.24399681389331818 24.53857421875 0.04997658357024193
2 2200 0.21076226234436035 0.25469526648521423 27.16891860961914 0.04369771480560303
2 2300 0.29431307315826416 0.2424936592578888 24.62636947631836 0.049015454947948456
2 2400 0.23253321647644043 0.24132828414440155 25.854516983032227 0.0437777154147625
2 2500 0.3794516324996948 0.23777954280376434 22.604869842529297 0.07586247473955154
2 2600 0.3276434540748596 0.23944300413131714 22.302141189575195 0.08510513603687286
2 2700 0.27211785316467285 0.24103796482086182 24.359094619750977 0.058577824383974075
2 2800 0.26906609535217285 0.23504112660884857 24.80097198486328 0.0506337471306324
2 2900 0.27820053696632385 0.24251681566238403 24.8437557220459 0.05761292204260826
2 3000 0.27728813886642456 0.2439616322517395 23.65837860107422 0.06850393861532211
2 3100 0.24686165153980255 0.2392885386943817 25.469131469726562 0.05612901970744133
2 3200 0.3625476360321045 0.2365560531616211 22.532073974609375 0.056592006236314774
2 3300 0.26025715470314026 0.24487292766571045 23.3110408782959 0.04939986392855644
2 3400 0.18378598988056183 0.24496152997016907 29.03929901123047 0.04739006981253624
2 3500 0.30683624744415283 0.23897600173950195 22.617881774902344 0.08197464048862457
3 3600 0.38296204805374146 0.2333846092224121 21.716707229614258 0.09222567826509476
3 3700 0.3158741593360901 0.24533328413963318 23.417272567749023 0.05095243826508522
3 3800 0.30024629831314087 0.23821651935577393 23.48749351501465 0.06488645076751709
3 3900 0.34572240710258484 0.2400175929069519 21.67673110961914 0.06055697426199913
3 4000 0.3366343080997467 0.2339913249015808 22.77066421508789 0.07773690670728683
3 4100 0.2766156792640686 0.23952195048332214 24.49349594116211 0.053907450288534164
3 4200 0.23925402760505676 0.2512511610984802 24.564926147460938 0.0509326197206974
3 4300 0.25210779905319214 0.24571442604064941 24.94929313659668 0.042285796254873276
3 4400 0.2372894436120987 0.24472154676914215 24.412092208862305 0.08058417588472366
3 4500 0.35922983288764954 0.228964164853096 21.45901870727539 0.07664412260055542
3 4600 0.28771597146987915 0.2474793791770935 23.989845275878906 0.05191924050450325
3 4700 0.30656519532203674 0.24004358053207397 23.003374099731445 0.06225035339593887
3 4800 0.37430763244628906 0.23487092554569244 20.99391746520996 0.07249754667282104
3 4900 0.2532012164592743 0.24242645502090454 23.996030807495117 0.0643770694732666
3 5000 0.29587113857269287 0.24214497208595276 23.23068618774414 0.0754350796341896
3 5100 0.30157020688056946 0.2440008521080017 20.50421714782715 0.08694377541542053
3 5200 0.3015441596508026 0.23986056447029114 22.462793350219727 0.06871325522661209
3 5300 0.28591257333755493 0.24534866213798523 23.85515594482422 0.04018673673272133
4 5400 0.25493961572647095 0.24782457947731018 24.736398696899414 0.04371831938624382
4 5500 0.3610592186450958 0.23281903564929962 21.922744750976562 0.07734522968530655
4 5600 0.32856154441833496 0.23707738518714905 23.11762046813965 0.05885990709066391
4 5700 0.18595504760742188 0.24987368285655975 29.322124481201172 0.02623050846159458
4 5800 0.24167469143867493 0.2554386854171753 24.95146942138672 0.049985405057668686
4 5900 0.24239325523376465 0.24020078778266907 25.224224090576172 0.0810866728425026
4 6000 0.2955065965652466 0.24179595708847046 22.348878860473633 0.08208006620407104
4 6100 0.2902119755744934 0.23849007487297058 22.109209060668945 0.0680660530924797
4 6200 0.29445981979370117 0.24924997985363007 22.367918014526367 0.06671439856290817
4 6300 0.41525909304618835 0.23188897967338562 20.06093406677246 0.10586970299482346
4 6400 0.19979697465896606 0.24768531322479248 24.321582794189453 0.05602848529815674
4 6500 0.441118985414505 0.24169808626174927 20.317285537719727 0.0691632553935051
4 6600 0.28296932578086853 0.2437639832496643 23.574676513671875 0.04447530582547188
4 6700 0.38334929943084717 0.23354309797286987 20.711076736450195 0.09154025465250015
4 6800 0.19753238558769226 0.24119162559509277 26.408409118652344 0.07554568350315094
4 6900 0.30529576539993286 0.23995280265808105 22.4248104095459 0.07591211795806885
4 7000 0.26190677285194397 0.24375830590724945 24.588594436645508 0.06147732213139534
4 7100 0.19603994488716125 0.25392863154411316 26.981494903564453 0.03154456242918968
5 7200 0.24057228863239288 0.24414700269699097 25.71554183959961 0.043548762798309326
5 7300 0.21564683318138123 0.24398651719093323 25.460285186767578 0.044754672795534134
5 7400 0.3089165687561035 0.24326878786087036 19.987607955932617 0.07407991588115692
5 7500 0.23090171813964844 0.23806770145893097 25.747304916381836 0.06477728486061096
5 7600 0.19576993584632874 0.2524178922176361 26.660974502563477 0.03473756089806557
5 7700 0.35387033224105835 0.23407156765460968 21.749496459960938 0.0842934176325798
5 7800 0.3668845295906067 0.2337125539779663 20.41291046142578 0.0818883627653122
5 7900 0.28633034229278564 0.24498046934604645 22.76917839050293 0.05174744501709938
5 8000 0.22249791026115417 0.24830900132656097 25.4424991607666 0.038670483976602554
5 8100 0.4241011142730713 0.24197344481945038 19.772031784057617 0.07933630794286728
5 8200 0.3254607021808624 0.23783493041992188 21.710893630981445 0.08562608808279037
5 8300 0.32024312019348145 0.23535442352294922 22.773439407348633 0.06413955241441727
5 8400 0.33238422870635986 0.2303619682788849 22.335229873657227 0.06678342074155807
5 8500 0.23399558663368225 0.24276459217071533 24.507570266723633 0.04816165938973427
5 8600 0.38257718086242676 0.23294591903686523 19.803468704223633 0.0772777870297432
5 8700 0.22443316876888275 0.24476996064186096 24.835145950317383 0.051995690912008286
5 8800 0.2736528515815735 0.2472490519285202 23.568984985351562 0.05531931668519974
6 8900 0.24220676720142365 0.23889446258544922 23.515586853027344 0.0544300451874733
6 9000 0.3656841516494751 0.23096007108688354 21.68345069885254 0.08052517473697662
6 9100 0.31537434458732605 0.23316210508346558 23.332509994506836 0.06957801431417465
6 9200 0.31322959065437317 0.23539677262306213 22.863874435424805 0.06785578280687332
6 9300 0.31349802017211914 0.2331034541130066 22.63279151916504 0.06273714452981949
6 9400 0.24276325106620789 0.2372959852218628 24.26436424255371 0.06399202346801758
6 9500 0.3509240746498108 0.23113641142845154 21.01072120666504 0.09448432922363281
6 9600 0.20357564091682434 0.24753135442733765 27.62529754638672 0.03340458497405052
6 9700 0.37767064571380615 0.23324400186538696 20.26558494567871 0.09147008508443832
6 9800 0.19971364736557007 0.2470402717590332 26.527111053466797 0.03854168578982353
6 9900 0.31968438625335693 0.23471716046333313 21.242412567138672 0.07952294498682022
6 10000 0.343811959028244 0.24397245049476624 18.30794334411621 0.07223743200302124
6 10100 0.27495795488357544 0.23501306772232056 22.12525749206543 0.06772171705961227
6 10200 0.40137144923210144 0.22339820861816406 19.903602600097656 0.10060928016901016
6 10300 0.26703476905822754 0.23854058980941772 23.271778106689453 0.04163605719804764
6 10400 0.27547353506088257 0.23288077116012573 24.235485076904297 0.05095267295837402
6 10500 0.3127014935016632 0.23027589917182922 22.450481414794922 0.0653158500790596
6 10600 0.22552242875099182 0.2460908740758896 24.66095542907715 0.04949265718460083
7 10700 0.3193311095237732 0.2295704185962677 22.63362693786621 0.06918212026357651
7 10800 0.35107481479644775 0.23268121480941772 21.094751358032227 0.07602918148040771
7 10900 0.21293875575065613 0.2361575961112976 25.279747009277344 0.06407757848501205
7 11000 0.3332008719444275 0.23273053765296936 21.531269073486328 0.08237625658512115
7 11100 0.30686861276626587 0.23326432704925537 21.714609146118164 0.053453363478183746
7 11200 0.33064496517181396 0.23064292967319489 20.999656677246094 0.08168084174394608
7 11300 0.3004570007324219 0.2315417230129242 23.706809997558594 0.05952081456780434
7 11400 0.18725405633449554 0.23515772819519043 26.425270080566406 0.059585414826869965
7 11500 0.335445761680603 0.2296086549758911 21.787256240844727 0.07327497750520706
7 11600 0.44896984100341797 0.21870768070220947 19.67144012451172 0.08475015312433243
7 11700 0.27505719661712646 0.23124782741069794 24.186845779418945 0.059759799391031265
7 11800 0.399427205324173 0.22225701808929443 20.496397018432617 0.07755392789840698
7 11900 0.2903271019458771 0.22797298431396484 22.805198669433594 0.08786866813898087
7 12000 0.18566565215587616 0.24369996786117554 26.617916107177734 0.03304661437869072
1 100 0.5388902425765991 0.2470579445362091 21.10916519165039 0.10290350764989853
1 200 0.6337029337882996 0.23343566060066223 20.666728973388672 0.07989372313022614
1 300 0.5097178220748901 0.2345392256975174 18.474157333374023 0.11291460692882538
1 400 0.3277168273925781 0.23707249760627747 24.13282585144043 0.07061611115932465
1 500 0.5010154247283936 0.2850479185581207 22.307146072387695 0.06720238924026489
1 600 0.2506536841392517 0.23845598101615906 26.94999122619629 0.04359367489814758
1 700 0.4021139144897461 0.22515228390693665 22.290544509887695 0.08099992573261261
1 800 0.32027357816696167 0.24122945964336395 24.434120178222656 0.04845202714204788
1 900 0.40150564908981323 0.23362892866134644 20.53091049194336 0.07811933755874634
1 1000 0.35631805658340454 0.22752133011817932 23.42971420288086 0.06712663918733597
1 1100 0.41754570603370667 0.22720669209957123 20.39805793762207 0.09632176160812378
1 1200 0.339830219745636 0.2333204448223114 22.533504486083984 0.0651717483997345
1 1300 0.41934746503829956 0.23026522994041443 20.767385482788086 0.0792955830693245
1 1400 0.3745579719543457 0.22985276579856873 22.30649757385254 0.0741504579782486
1 1500 0.4224262237548828 0.22034204006195068 20.951751708984375 0.07449967414140701
1 1600 0.3087575435638428 0.23577672243118286 23.333694458007812 0.051640577614307404
1 1700 0.3940677344799042 0.23245224356651306 18.507774353027344 0.07734952867031097
2 1800 0.4069519639015198 0.23860767483711243 20.73906135559082 0.08033109456300735
2 1900 0.3475559651851654 0.23845615983009338 22.35350799560547 0.069050632417202
2 2000 0.3527134358882904 0.23561248183250427 23.494873046875 0.06094176694750786
2 2100 0.30145397782325745 0.23736664652824402 23.94316864013672 0.07116550952196121
2 2200 0.2751537263393402 0.24584543704986572 25.906177520751953 0.0428554005920887
2 2300 0.2769691050052643 0.24059510231018066 23.768638610839844 0.0656905248761177
2 2400 0.29726582765579224 0.247560515999794 23.647680282592773 0.06005048006772995
2 2500 0.39516299962997437 0.23238790035247803 21.496742248535156 0.060013819485902786
2 2600 0.3671538233757019 0.24227678775787354 21.52811050415039 0.07909125834703445
2 2700 0.25832879543304443 0.2459084540605545 25.715078353881836 0.05685897916555405
2 2800 0.2757558226585388 0.23927563428878784 24.196537017822266 0.07647942751646042
2 2900 0.35126224160194397 0.23950350284576416 21.301454544067383 0.07386317849159241
2 3000 0.15995287895202637 0.25892263650894165 28.846866607666016 0.02607410028576851
2 3100 0.2925949692726135 0.24501770734786987 23.01182746887207 0.059092581272125244
2 3200 0.2441900372505188 0.2467837780714035 24.903444290161133 0.0432838499546051
2 3300 0.30560359358787537 0.23989060521125793 22.515012741088867 0.0670836865901947
2 3400 0.23593798279762268 0.24490338563919067 24.88065528869629 0.0467267669737339
2 3500 0.41518157720565796 0.23961958289146423 21.528186798095703 0.06946755945682526
3 3600 0.3030082881450653 0.2409500628709793 24.43933868408203 0.051722243428230286
3 3700 0.29075002670288086 0.24337434768676758 22.006589889526367 0.06550948321819305
3 3800 0.22503766417503357 0.2485547959804535 26.8885498046875 0.032619722187519073
3 3900 0.26571372151374817 0.2517123818397522 25.628522872924805 0.05523248389363289
3 4000 0.32732465863227844 0.23977115750312805 22.437698364257812 0.07061143219470978
3 4100 0.36645224690437317 0.23800146579742432 20.25082015991211 0.09123269468545914
3 4200 0.2840943932533264 0.24332888424396515 24.517377853393555 0.054127827286720276
3 4300 0.29879993200302124 0.2548252046108246 22.307294845581055 0.04856543615460396
3 4400 0.32737717032432556 0.2400418221950531 23.312562942504883 0.06081379950046539
3 4500 0.34311622381210327 0.2414521425962448 23.17056655883789 0.06263373792171478
3 4600 0.30195245146751404 0.23645344376564026 23.34946632385254 0.08533847332000732
3 4700 0.326896607875824 0.24107342958450317 22.64725112915039 0.09300006181001663
3 4800 0.3777339458465576 0.2371765822172165 21.307083129882812 0.07976733893156052
3 4900 0.4254111647605896 0.24025046825408936 21.199081420898438 0.07623694092035294
3 5000 0.27534234523773193 0.24909284710884094 24.976652145385742 0.0474218912422657
3 5100 0.32249510288238525 0.24025295674800873 22.398517608642578 0.07866480201482773
3 5200 0.37833738327026367 0.241507887840271 18.746932983398438 0.08972181379795074
3 5300 0.2598830759525299 0.2504449784755707 22.80901336669922 0.06475971639156342
4 5400 0.27081096172332764 0.2412591576576233 25.498815536499023 0.061740417033433914
4 5500 0.2573252022266388 0.24977166950702667 23.008882522583008 0.060379765927791595
4 5600 0.2637607753276825 0.24312341213226318 23.681354522705078 0.058596692979335785
4 5700 0.2781994342803955 0.2482205182313919 22.830419540405273 0.06287588179111481
4 5800 0.317254900932312 0.2380669265985489 21.435834884643555 0.08266601711511612
4 5900 0.34605127573013306 0.23852470517158508 21.494096755981445 0.07406307011842728
4 6000 0.39618802070617676 0.23797929286956787 19.621288299560547 0.10199803858995438
4 6100 0.32666102051734924 0.23403920233249664 22.243837356567383 0.08007929474115372
4 6200 0.2017083466053009 0.2521250247955322 25.533489227294922 0.04791991412639618
4 6300 0.2050100564956665 0.24785828590393066 26.90304183959961 0.046065397560596466
4 6400 0.41482284665107727 0.23525747656822205 20.66022491455078 0.09756162762641907
4 6500 0.2795174717903137 0.237754687666893 22.868953704833984 0.06192906200885773
4 6600 0.27977073192596436 0.2387869954109192 24.153120040893555 0.055603694170713425
4 6700 0.3069204092025757 0.24105742573738098 23.135766983032227 0.06346738338470459
4 6800 0.3878365755081177 0.2364068180322647 19.29066276550293 0.09249908477067947
4 6900 0.3566126227378845 0.24132412672042847 22.981586456298828 0.06152791529893875
4 7000 0.3082360029220581 0.23969456553459167 22.50619125366211 0.05683167278766632
4 7100 0.2320084571838379 0.24460987746715546 24.760541915893555 0.04267788678407669
5 7200 0.16692152619361877 0.2526302635669708 26.97981834411621 0.030367810279130936
5 7300 0.21532529592514038 0.2388702780008316 25.34303092956543 0.0700218603014946
5 7400 0.2576355040073395 0.23979157209396362 24.418094635009766 0.05576831474900246
5 7500 0.25962474942207336 0.24166572093963623 23.579885482788086 0.07423688471317291
5 7600 0.381531298160553 0.23167428374290466 20.81797218322754 0.07730016112327576
5 7700 0.3239634931087494 0.24443331360816956 20.120250701904297 0.054138537496328354
5 7800 0.1853344440460205 0.24595221877098083 24.131742477416992 0.045477766543626785
5 7900 0.24034613370895386 0.24204646050930023 25.04943084716797 0.05289708450436592
5 8000 0.19340181350708008 0.2476770132780075 25.015079498291016 0.03393042832612991
5 8100 0.32348158955574036 0.2516554594039917 22.471166610717773 0.046259067952632904
5 8200 0.2176700234413147 0.236811563372612 25.359201431274414 0.06837700307369232
5 8300 0.30246931314468384 0.23814022541046143 19.926776885986328 0.08655405044555664
5 8400 0.2941160500049591 0.23370268940925598 23.458288192749023 0.07030275464057922
5 8500 0.29995590448379517 0.24787844717502594 21.33208465576172 0.06585168838500977
5 8600 0.17159080505371094 0.2447739541530609 28.58511734008789 0.037201378494501114
5 8700 0.3300289213657379 0.23630410432815552 20.553855895996094 0.0766863152384758
5 8800 0.23379048705101013 0.24145598709583282 24.90590476989746 0.04535103589296341
6 8900 0.3577975034713745 0.2327534556388855 21.137353897094727 0.06923963874578476
6 9000 0.3226011097431183 0.23928216099739075 21.55685806274414 0.07518418878316879
6 9100 0.3155175447463989 0.2395985722541809 21.01113510131836 0.07278092205524445
6 9200 0.18283718824386597 0.24887429177761078 27.36260986328125 0.03351891413331032
6 9300 0.24248439073562622 0.23593944311141968 25.664398193359375 0.048923980444669724
6 9400 0.3457496166229248 0.23941156268119812 20.83378791809082 0.06042833253741264
6 9500 0.2587546408176422 0.2338257133960724 24.482112884521484 0.0559181310236454
6 9600 0.32400843501091003 0.22873897850513458 22.255950927734375 0.06610193103551865
6 9700 0.27600789070129395 0.2327253520488739 23.99245834350586 0.06231587007641792
6 9800 0.2359492927789688 0.23968692123889923 24.01374626159668 0.041702885180711746
6 9900 0.32106640934944153 0.23297137022018433 22.776586532592773 0.06123979389667511
6 10000 0.3458908200263977 0.22614750266075134 20.678171157836914 0.06937709450721741
6 10100 0.31484049558639526 0.2420988380908966 22.098556518554688 0.06543754041194916
6 10200 0.2022683024406433 0.2431173324584961 25.599857330322266 0.040603794157505035
6 10300 0.2991528809070587 0.2355283945798874 22.430511474609375 0.05969390273094177
6 10400 0.1893230378627777 0.2430706024169922 27.866750717163086 0.03804532065987587
6 10500 0.37003093957901 0.23094677925109863 20.44483757019043 0.09899023920297623
6 10600 0.29519006609916687 0.23957206308841705 23.02463722229004 0.05697574093937874
7 10700 0.2572835683822632 0.23267287015914917 23.739864349365234 0.07560490816831589
7 10800 0.24448183178901672 0.24026870727539062 24.778709411621094 0.055218636989593506
7 10900 0.22466208040714264 0.2429789900779724 23.662565231323242 0.035950809717178345
7 11000 0.1981852650642395 0.23875397443771362 27.18790054321289 0.03272246569395065
7 11100 0.24446651339530945 0.2332790046930313 24.504362106323242 0.04944255203008652
7 11200 0.33936160802841187 0.23737412691116333 22.237964630126953 0.05961425229907036
7 11300 0.32320597767829895 0.2287849485874176 21.481626510620117 0.06965406984090805
7 11400 0.18962416052818298 0.23818105459213257 27.778059005737305 0.04113170504570007
7 11500 0.3496549129486084 0.2301740050315857 22.366920471191406 0.07476504892110825
7 11600 0.20392128825187683 0.24496421217918396 26.22822380065918 0.0402744822204113
7 11700 0.22492355108261108 0.23378941416740417 26.28619384765625 0.044754091650247574
7 11800 0.34652775526046753 0.22857889533042908 21.39362335205078 0.07451438903808594
7 11900 0.37773820757865906 0.22566577792167664 20.616342544555664 0.08183664828538895
7 12000 0.4105813503265381 0.22330555319786072 19.61920738220215 0.08130822330713272
7 12100 0.25401192903518677 0.23142635822296143 25.806432723999023 0.06322181224822998
7 12200 0.2550621032714844 0.23927980661392212 24.920564651489258 0.03453288972377777
7 12300 0.3264334201812744 0.24175769090652466 21.710020065307617 0.06545235216617584
7 12400 0.23990853130817413 0.23692041635513306 25.465444564819336 0.05859742686152458
8 12500 0.3504020571708679 0.22711369395256042 20.578062057495117 0.0752805694937706
8 12600 0.17105956375598907 0.24010854959487915 27.69166374206543 0.040169913321733475
8 12700 0.32256588339805603 0.2311943918466568 21.667926788330078 0.0631873831152916
8 12800 0.2887970805168152 0.22649389505386353 22.36998748779297 0.06107204407453537
8 12900 0.2706967890262604 0.23408463597297668 22.453659057617188 0.08576305955648422
8 13000 0.2699835002422333 0.23600119352340698 21.518144607543945 0.06604781001806259
8 13100 0.3187982141971588 0.21946924924850464 22.30152702331543 0.06008312106132507
8 13200 0.09247472882270813 0.25301218032836914 33.61863708496094 0.018129369243979454
8 13300 0.42493537068367004 0.21417999267578125 20.730300903320312 0.07935858517885208
8 13400 0.18794533610343933 0.24345727264881134 27.352508544921875 0.02544478513300419
8 13500 0.2460777461528778 0.23202082514762878 24.99106216430664 0.06079420819878578
8 13600 0.23884277045726776 0.23431256413459778 25.649497985839844 0.04898999631404877
8 13700 0.16024841368198395 0.2438182532787323 28.681602478027344 0.034057505428791046
8 13800 0.1719457507133484 0.24362999200820923 27.161230087280273 0.029340926557779312
8 13900 0.2757262587547302 0.2292259782552719 23.619001388549805 0.05223773047327995
8 14000 0.2645573019981384 0.23512735962867737 23.667404174804688 0.04140573740005493
8 14100 0.2584433853626251 0.22822269797325134 24.617095947265625 0.04665139690041542
8 14200 0.24211376905441284 0.23516002297401428 24.181211471557617 0.04446008801460266
9 14300 0.23476019501686096 0.23585909605026245 24.114803314208984 0.05868152156472206
9 14400 0.26568564772605896 0.225922092795372 24.081480026245117 0.051798321306705475
9 14500 0.3931235074996948 0.21627038717269897 20.707157135009766 0.07593809813261032
9 14600 0.25681227445602417 0.2371271550655365 24.529430389404297 0.048136692494153976
9 14700 0.19183428585529327 0.2364959418773651 25.157142639160156 0.03320896252989769
9 14800 0.37184739112854004 0.2204599678516388 19.603046417236328 0.07424663007259369
9 14900 0.3211980164051056 0.2274985909461975 22.32233428955078 0.07318945229053497
9 15000 0.28435957431793213 0.2253437340259552 23.80089569091797 0.0635543093085289
9 15100 0.26897796988487244 0.22564975917339325 22.9949893951416 0.07349734753370285
9 15200 0.26142778992652893 0.23324349522590637 23.17302703857422 0.0624137781560421
9 15300 0.337247759103775 0.22331669926643372 21.76256561279297 0.07338269054889679
9 15400 0.2939089238643646 0.23128101229667664 24.633872985839844 0.04131259769201279
9 15500 0.3453039228916168 0.21831858158111572 21.062978744506836 0.07513051480054855
9 15600 0.3195629417896271 0.23094889521598816 21.473121643066406 0.04805729538202286
9 15700 0.2323884516954422 0.2291082739830017 25.696290969848633 0.04995853826403618
9 15800 0.3652666211128235 0.2293875813484192 20.544984817504883 0.06807253509759903
9 15900 0.3622996509075165 0.22045432031154633 21.116107940673828 0.08691039681434631
10 16000 0.3019939661026001 0.22765961289405823 22.711851119995117 0.07258287072181702
10 16100 0.258860319852829 0.2318626344203949 24.299936294555664 0.043096065521240234
10 16200 0.27633416652679443 0.2285636067390442 23.43096351623535 0.07075998932123184
10 16300 0.2274036705493927 0.23385319113731384 24.011438369750977 0.062091145664453506
10 16400 0.2678868770599365 0.234224334359169 22.709692001342773 0.057124994695186615
10 16500 0.27366331219673157 0.22781960666179657 22.601577758789062 0.049896180629730225
10 16600 0.24206401407718658 0.22766748070716858 25.258066177368164 0.05276365578174591
10 16700 0.11363144218921661 0.2449951022863388 31.649707794189453 0.023499157279729843
10 16800 0.20833532512187958 0.2309158444404602 23.671161651611328 0.04985921084880829
10 16900 0.18213346600532532 0.23797418177127838 27.557050704956055 0.03385559469461441
10 17000 0.14750894904136658 0.24591180682182312 26.259328842163086 0.02530735172331333
10 17100 0.24907895922660828 0.22926872968673706 23.750926971435547 0.062117453664541245
10 17200 0.30813467502593994 0.22883039712905884 22.58677101135254 0.05148950591683388
10 17300 0.3137872815132141 0.22359199821949005 22.355802536010742 0.062289025634527206
10 17400 0.3173055350780487 0.220811128616333 21.800052642822266 0.08118098229169846
10 17500 0.2615484595298767 0.23197074234485626 23.77128028869629 0.05736648291349411
10 17600 0.2149607539176941 0.23387394845485687 26.332130432128906 0.04240848496556282
10 17700 0.25953012704849243 0.2274991124868393 24.001676559448242 0.0722806379199028
11 17800 0.20874831080436707 0.22557134926319122 25.088233947753906 0.048227474093437195
11 17900 0.2138596624135971 0.23734760284423828 25.1210994720459 0.044693805277347565
11 18000 0.21781772375106812 0.2309543788433075 25.010417938232422 0.05250115692615509
11 18100 0.3185604214668274 0.21654021739959717 22.168231964111328 0.08664018660783768
11 18200 0.3047265410423279 0.2253054678440094 22.523332595825195 0.06532058864831924
11 18300 0.2356627732515335 0.23681041598320007 24.27992820739746 0.06088455021381378
11 18400 0.16049328446388245 0.23906099796295166 26.08043670654297 0.03431534767150879
11 18500 0.24194929003715515 0.2284422218799591 25.046167373657227 0.04400186240673065
11 18600 0.29020243883132935 0.22700944542884827 21.872053146362305 0.07081303000450134
11 18700 0.23784969747066498 0.2222267985343933 24.155790328979492 0.06257353723049164
11 18800 0.1901054084300995 0.2355024665594101 27.31884765625 0.03494570776820183
11 18900 0.21466803550720215 0.23555636405944824 24.74799156188965 0.046047087758779526
11 19000 0.40781059861183167 0.20946216583251953 19.541940689086914 0.09312587976455688
11 19100 0.2389724850654602 0.22712969779968262 23.97919464111328 0.062035057693719864
11 19200 0.20908686518669128 0.24161763489246368 23.96221923828125 0.039081938564777374
11 19300 0.2624167501926422 0.2270495891571045 23.75226593017578 0.06558296084403992
11 19400 0.3288472294807434 0.22236274182796478 22.43728256225586 0.06610065698623657
11 19500 0.25684452056884766 0.22876378893852234 23.602252960205078 0.05166463926434517
12 19600 0.2304401695728302 0.22550569474697113 24.41712760925293 0.05642123520374298
12 19700 0.23741421103477478 0.23492158949375153 24.91719627380371 0.0528206005692482
12 19800 0.21780845522880554 0.2322775423526764 26.317363739013672 0.03913496434688568
12 19900 0.2680452764034271 0.22306254506111145 23.231021881103516 0.07292192429304123
12 20000 0.15344105660915375 0.2357887327671051 29.3436222076416 0.052451878786087036
12 20100 0.2521657943725586 0.2310369610786438 24.03218650817871 0.05201610177755356
12 20200 0.20920635759830475 0.23673871159553528 26.029943466186523 0.03961385414004326
12 20300 0.22253301739692688 0.2359614074230194 25.34261703491211 0.03929793834686279
12 20400 0.2302018105983734 0.22515259683132172 23.892101287841797 0.05332009866833687
12 20500 0.24124488234519958 0.22544285655021667 25.228805541992188 0.04194733873009682
12 20600 0.17260435223579407 0.23705081641674042 27.854883193969727 0.03610927611589432
12 20700 0.24701005220413208 0.2246144562959671 24.31444549560547 0.04955374076962471
12 20800 0.19675728678703308 0.22789110243320465 25.18467903137207 0.047017715871334076
12 20900 0.23235541582107544 0.23185530304908752 23.76016616821289 0.04696882888674736
12 21000 0.3201295733451843 0.21320897340774536 22.17467498779297 0.06679074466228485
12 21100 0.20077265799045563 0.23774561285972595 25.336238861083984 0.04495561867952347
12 21200 0.32497960329055786 0.2117135226726532 22.36455726623535 0.07227934896945953
12 21300 0.22057268023490906 0.231489896774292 24.990354537963867 0.045277852565050125
13 21400 0.330718070268631 0.21384531259536743 20.995121002197266 0.07542005181312561
13 21500 0.2775530219078064 0.22624091804027557 21.888694763183594 0.0729043036699295
13 21600 0.21558672189712524 0.2262243926525116 24.71446418762207 0.05054902657866478
13 21700 0.2864416837692261 0.22835813462734222 24.23007583618164 0.053365807980298996
13 21800 0.15333910286426544 0.24330338835716248 28.39881134033203 0.03041992150247097
13 21900 0.1983417272567749 0.2330259382724762 25.351232528686523 0.03588983416557312
13 22000 0.21231183409690857 0.23379364609718323 25.085275650024414 0.04059140756726265
13 22100 0.21708768606185913 0.2360602617263794 26.309743881225586 0.03849240392446518
13 22200 0.30432945489883423 0.23190954327583313 22.769529342651367 0.06168205291032791
13 22300 0.31122636795043945 0.2249870002269745 21.362964630126953 0.0705973356962204
13 22400 0.2007480263710022 0.23052147030830383 24.826452255249023 0.048685137182474136
13 22500 0.26131364703178406 0.21782317757606506 23.501026153564453 0.05886424705386162
13 22600 0.24024227261543274 0.2272619605064392 25.533538818359375 0.04606806859374046
13 22700 0.27607327699661255 0.22105082869529724 22.3768367767334 0.07667308300733566
13 22800 0.29760366678237915 0.22402530908584595 22.053508758544922 0.07139859348535538
13 22900 0.18987715244293213 0.23057842254638672 26.727474212646484 0.04256993904709816
13 23000 0.20206332206726074 0.2281080186367035 25.415000915527344 0.06668966263532639
14 23100 0.2457508146762848 0.22761255502700806 23.59178352355957 0.07029622048139572
14 23200 0.31538650393486023 0.22575637698173523 21.83169937133789 0.05351914092898369
14 23300 0.12939490377902985 0.24681660532951355 30.531858444213867 0.018719132989645004
14 23400 0.1679963767528534 0.23572927713394165 27.673709869384766 0.04684576392173767
14 23500 0.22501292824745178 0.2365347295999527 26.221925735473633 0.03887612745165825
14 23600 0.14291870594024658 0.23908531665802002 30.010622024536133 0.026235468685626984
14 23700 0.17044050991535187 0.23850932717323303 26.476953506469727 0.03406091779470444
14 23800 0.14967791736125946 0.23208051919937134 28.9698486328125 0.04232839494943619
14 23900 0.2697468101978302 0.22661052644252777 22.561927795410156 0.06461036950349808
14 24000 0.12692540884017944 0.246248260140419 31.04245376586914 0.02149474434554577
14 24100 0.20129171013832092 0.23850220441818237 24.23114776611328 0.04149622842669487
14 24200 0.2528333067893982 0.23200002312660217 23.860628128051758 0.0514429435133934
14 24300 0.2737891674041748 0.22642743587493896 23.793493270874023 0.05898129940032959
14 24400 0.1719653159379959 0.235358327627182 27.92685890197754 0.03272463381290436
14 24500 0.1859593391418457 0.23519310355186462 27.000822067260742 0.028908612206578255
14 24600 0.10972113907337189 0.24522605538368225 32.53129577636719 0.017635362222790718
14 24700 0.1865682750940323 0.23499435186386108 25.623437881469727 0.03869917616248131
14 24800 0.14164265990257263 0.24583983421325684 28.968334197998047 0.01816951483488083
15 24900 0.18424032628536224 0.23630391061306 26.4312744140625 0.04437477886676788
15 25000 0.25627490878105164 0.22468888759613037 23.350950241088867 0.053616855293512344
15 25100 0.16773980855941772 0.23422151803970337 27.48404884338379 0.04143008589744568
15 25200 0.19529134035110474 0.22964802384376526 26.689401626586914 0.047770749777555466
15 25300 0.22938618063926697 0.22801050543785095 23.76549530029297 0.06170928105711937
15 25400 0.18126122653484344 0.23837420344352722 26.472143173217773 0.041425202041864395
15 25500 0.3352522850036621 0.2125360369682312 21.593996047973633 0.06001764535903931
15 25600 0.24496564269065857 0.22477024793624878 23.474308013916016 0.052111491560935974
15 25700 0.31026798486709595 0.22302764654159546 23.32448959350586 0.05211872234940529
15 25800 0.2033756673336029 0.23071973025798798 24.517745971679688 0.04426904022693634
15 25900 0.2380913496017456 0.22258120775222778 24.22186851501465 0.06738394498825073
15 26000 0.2065228819847107 0.2294214963912964 25.9526309967041 0.04353747144341469
15 26100 0.25440794229507446 0.22602631151676178 23.384977340698242 0.05442092940211296
15 26200 0.18675824999809265 0.22731879353523254 26.691125869750977 0.051779571920633316
15 26300 0.23057422041893005 0.22194541990756989 24.935510635375977 0.060625579208135605
15 26400 0.24898941814899445 0.22407515347003937 23.544782638549805 0.047897860407829285
15 26500 0.211857408285141 0.23274803161621094 26.0012264251709 0.044560063630342484
15 26600 0.1564461588859558 0.24001020193099976 26.6020565032959 0.03189639374613762
16 26700 0.21944719552993774 0.22806446254253387 24.654232025146484 0.051651936024427414
16 26800 0.22334638237953186 0.22732868790626526 25.243032455444336 0.044557299464941025
16 26900 0.24281027913093567 0.22834712266921997 24.92502784729004 0.0412033274769783
16 27000 0.20622196793556213 0.23046252131462097 25.46406364440918 0.037379130721092224
16 27100 0.26449769735336304 0.23106978833675385 23.458444595336914 0.05346192419528961
16 27200 0.20254066586494446 0.22691398859024048 24.243227005004883 0.04455738142132759
16 27300 0.27390941977500916 0.22152960300445557 22.289533615112305 0.07611995190382004
16 27400 0.27812981605529785 0.22383564710617065 21.922435760498047 0.06113918498158455
16 27500 0.20505772531032562 0.2309274673461914 25.062002182006836 0.04793901368975639
16 27600 0.18251214921474457 0.22993260622024536 25.77128028869629 0.04389830306172371
16 27700 0.16720084846019745 0.23254141211509705 27.567094802856445 0.04274974390864372
16 27800 0.2689141631126404 0.22458429634571075 22.96723747253418 0.05210038274526596
16 27900 0.3025831878185272 0.21128857135772705 22.43584442138672 0.07250124216079712
16 28000 0.2269536256790161 0.22962920367717743 25.322507858276367 0.04316896200180054
16 28100 0.2680426836013794 0.22030748426914215 23.963239669799805 0.05393072962760925
16 28200 0.25084763765335083 0.22857442498207092 22.957027435302734 0.04922949895262718
16 28300 0.2373720407485962 0.22942659258842468 24.22078514099121 0.04293276369571686
16 28400 0.16456454992294312 0.23881424963474274 28.516401290893555 0.033488426357507706
17 28500 0.2572214603424072 0.2270384430885315 22.72271156311035 0.05897664651274681
17 28600 0.22101151943206787 0.23246890306472778 23.865446090698242 0.04985040798783302
17 28700 0.21266402304172516 0.22895953059196472 23.635494232177734 0.05911729857325554
17 28800 0.23652273416519165 0.22738084197044373 24.32305335998535 0.06180198863148689
17 28900 0.17387141287326813 0.23767700791358948 25.78969955444336 0.02666003815829754
17 29000 0.18993665277957916 0.23478491604328156 25.172555923461914 0.03637932986021042
17 29100 0.20823433995246887 0.22859293222427368 25.272741317749023 0.04811913147568703
17 29200 0.2689574360847473 0.23033174872398376 24.422637939453125 0.04440382122993469
17 29300 0.21461999416351318 0.22717833518981934 25.44265365600586 0.048829976469278336
17 29400 0.22187794744968414 0.22993071377277374 24.62819480895996 0.042901817709207535
17 29500 0.16169573366641998 0.24122503399848938 27.165346145629883 0.025548698380589485
17 29600 0.17230698466300964 0.230980783700943 27.042062759399414 0.04955284669995308
17 29700 0.16990050673484802 0.23980678617954254 27.503652572631836 0.02542855590581894
17 29800 0.21874123811721802 0.22912830114364624 25.86695671081543 0.0362829715013504
1 100 0.6565005779266357 0.24868974089622498 27.80960464477539 0.03457118943333626
1 200 0.6153967380523682 0.24118494987487793 26.25482177734375 0.025255482643842697
1 300 0.44399523735046387 0.24105942249298096 27.80158233642578 0.02602633833885193
1 400 0.34108754992485046 0.2417493462562561 30.043954849243164 0.022074541077017784
1 500 0.3343117833137512 0.25058481097221375 29.09998893737793 0.019630974158644676
1 600 0.23099790513515472 0.24393989145755768 33.522640228271484 0.012149909511208534
1 700 0.2899811565876007 0.24328947067260742 31.136178970336914 0.02011004276573658
1 800 0.27395761013031006 0.24427366256713867 30.525907516479492 0.014870607294142246
1 900 0.31064173579216003 0.24269330501556396 28.808574676513672 0.019422663375735283
1 1000 0.29586243629455566 0.24490731954574585 29.956586837768555 0.019394462928175926
1 1100 0.3308895528316498 0.24753573536872864 28.73687744140625 0.02299325540661812
1 1200 0.2512243986129761 0.2497802972793579 31.11509132385254 0.014857963658869267
1 1300 0.31644487380981445 0.24706235527992249 30.057523727416992 0.016764163970947266
1 1400 0.2541849613189697 0.24632352590560913 30.60593605041504 0.01880057156085968
1 1500 0.31456154584884644 0.2466854751110077 28.313671112060547 0.019767548888921738
1 1600 0.22171813249588013 0.2470567524433136 31.45758056640625 0.013225102797150612
1 1700 0.2579464018344879 0.24757209420204163 30.79711151123047 0.01281543169170618
2 1800 0.2478654980659485 0.24751922488212585 31.078859329223633 0.014792697504162788
2 1900 0.22896286845207214 0.24915345013141632 31.022249221801758 0.015377761796116829
2 2000 0.20653532445430756 0.24839255213737488 32.92433547973633 0.012781658209860325
2 2100 0.22973470389842987 0.2460760772228241 30.545852661132812 0.02213352359831333
2 2200 0.16887512803077698 0.24949702620506287 34.55746841430664 0.00952206552028656
2 2300 0.22942519187927246 0.2488406002521515 31.225492477416992 0.01692730188369751
2 2400 0.22686916589736938 0.24930092692375183 31.959375381469727 0.01448830682784319
2 2500 0.27131715416908264 0.24988971650600433 30.47235107421875 0.012996833771467209
2 2600 0.22414779663085938 0.24938639998435974 29.438264846801758 0.019068004563450813
2 2700 0.1778833270072937 0.2488727569580078 33.053802490234375 0.015767421573400497
2 2800 0.21624477207660675 0.2483559548854828 31.42120933532715 0.01983475498855114
2 2900 0.20248901844024658 0.2497476041316986 31.906221389770508 0.013174722902476788
2 3000 0.14605294167995453 0.24983710050582886 34.09606170654297 0.010165661573410034
2 3100 0.22037175297737122 0.2507978081703186 32.6495246887207 0.013741079717874527
2 3200 0.18530665338039398 0.24976041913032532 32.196319580078125 0.011982853524386883
2 3300 0.17681871354579926 0.24859842658042908 32.56816101074219 0.014227299019694328
2 3400 0.1581108123064041 0.24927666783332825 32.89065170288086 0.012351549230515957
2 3500 0.2715100646018982 0.24937257170677185 28.907621383666992 0.01897338405251503
3 3600 0.2093409299850464 0.24925899505615234 32.19274139404297 0.01345251314342022
3 3700 0.16853339970111847 0.2494702935218811 33.032997131347656 0.013084108941257
3 3800 0.17078427970409393 0.24918857216835022 35.98643493652344 0.007810448296368122
3 3900 0.19050341844558716 0.24901995062828064 32.80787658691406 0.014999611303210258
3 4000 0.16083528101444244 0.24975287914276123 34.81272506713867 0.010134907439351082
3 4100 0.19797886908054352 0.2486514449119568 31.58366584777832 0.01551672164350748
3 4200 0.1932726502418518 0.24860277771949768 31.362388610839844 0.016097381711006165
3 4300 0.20081481337547302 0.25075653195381165 32.54704284667969 0.010018600150942802
3 4400 0.2007853090763092 0.24803724884986877 30.795597076416016 0.015118523500859737
3 4500 0.18198728561401367 0.24927815794944763 32.86974334716797 0.012573624961078167
3 4600 0.1995530128479004 0.24880939722061157 30.79641342163086 0.020732227712869644
3 4700 0.2117910236120224 0.24845655262470245 29.68871307373047 0.02644248679280281
3 4800 0.22578953206539154 0.24787865579128265 31.178905487060547 0.015776842832565308
3 4900 0.26098066568374634 0.2490350306034088 31.000669479370117 0.015290631912648678
3 5000 0.15281878411769867 0.2492402195930481 33.296226501464844 0.01069918554276228
3 5100 0.17172925174236298 0.24896326661109924 32.42228317260742 0.015860330313444138
3 5200 0.16735276579856873 0.24908575415611267 34.095237731933594 0.010130801238119602
3 5300 0.15253965556621552 0.2502235174179077 34.51715850830078 0.011893090792000294
4 5400 0.17482012510299683 0.2489691525697708 34.715152740478516 0.014100956730544567
4 5500 0.1598377674818039 0.2495337724685669 32.494102478027344 0.013579861260950565
4 5600 0.15971146523952484 0.2491755485534668 34.10629653930664 0.011065633036196232
4 5700 0.17874614894390106 0.24869373440742493 32.17336654663086 0.015299489721655846
4 5800 0.19957315921783447 0.24794510006904602 31.871700286865234 0.017037510871887207
4 5900 0.18458060920238495 0.2479228973388672 30.51214027404785 0.014967719092965126
4 6000 0.17213286459445953 0.24882692098617554 32.44020462036133 0.013591081835329533
4 6100 0.1972932517528534 0.24843057990074158 32.3441047668457 0.01661788672208786
4 6200 0.17131900787353516 0.24960292875766754 33.56676483154297 0.014267421327531338
4 6300 0.11702654510736465 0.24958866834640503 36.26984405517578 0.010801591910421848
4 6400 0.19576039910316467 0.24878263473510742 31.967838287353516 0.015593851916491985
4 6500 0.15630914270877838 0.2493084818124771 34.05988311767578 0.010415494441986084
4 6600 0.1955135315656662 0.24881967902183533 32.10441970825195 0.01583353988826275
4 6700 0.1716572791337967 0.24940109252929688 33.34208679199219 0.0122035788372159
4 6800 0.16106367111206055 0.24883680045604706 32.60904312133789 0.012625595554709435
4 6900 0.15813934803009033 0.24915841221809387 33.1868896484375 0.0112558389082551
4 7000 0.14466121792793274 0.2495288848876953 33.78971481323242 0.010790015570819378
4 7100 0.14478535950183868 0.2506081461906433 34.85635757446289 0.008859353139996529
5 7200 0.17949278652668 0.24917080998420715 37.55622482299805 0.007285939995199442
5 7300 0.1256534308195114 0.24891942739486694 35.35832214355469 0.014681515283882618
5 7400 0.1586778312921524 0.24995329976081848 32.8121337890625 0.01254059188067913
5 7500 0.203853040933609 0.24997752904891968 33.8955078125 0.013101636432111263
5 7600 0.20223510265350342 0.2489369660615921 32.286895751953125 0.01371237076818943
5 7700 0.1800159513950348 0.2489955872297287 31.507017135620117 0.008988697081804276
5 7800 0.12052857875823975 0.24963346123695374 38.448116302490234 0.00782252848148346
5 7900 0.1723640412092209 0.2479642629623413 32.48490524291992 0.014208423905074596
5 8000 0.11659994721412659 0.24874958395957947 35.64437484741211 0.006805757060647011
5 8100 0.15620741248130798 0.24883094429969788 33.950225830078125 0.008019569329917431
5 8200 0.13289545476436615 0.2492521107196808 34.65481185913086 0.014414708130061626
5 8300 0.1440369188785553 0.2492159605026245 33.931854248046875 0.01197657361626625
5 8400 0.18593338131904602 0.24766656756401062 30.670055389404297 0.01993214152753353
5 8500 0.17249615490436554 0.24853527545928955 31.63587188720703 0.013111014850437641
5 8600 0.126065194606781 0.24913114309310913 34.797786712646484 0.0113076688721776
5 8700 0.18012003600597382 0.2483520656824112 33.00398635864258 0.01201041229069233
5 8800 0.13183486461639404 0.2500442564487457 34.900997161865234 0.009198110550642014
6 8900 0.14638717472553253 0.2488277554512024 32.96261215209961 0.011263868771493435
6 9000 0.16129791736602783 0.24870538711547852 31.990774154663086 0.01380008365958929
6 9100 0.131230890750885 0.2503817677497864 34.938323974609375 0.009130350314080715
6 9200 0.13416942954063416 0.2503970265388489 36.76483917236328 0.007787180598825216
6 9300 0.13293595612049103 0.2494494915008545 35.47425842285156 0.009745530784130096
6 9400 0.14734019339084625 0.24833235144615173 33.19337463378906 0.009590682573616505
6 9500 0.13380134105682373 0.24993734061717987 34.12160110473633 0.012155089527368546
6 9600 0.1550614833831787 0.2488332837820053 33.30540084838867 0.010520732961595058
6 9700 0.1604706346988678 0.24855491518974304 32.87968826293945 0.014110085554420948
6 9800 0.15322640538215637 0.24941116571426392 32.29283905029297 0.010616660118103027
6 9900 0.17378419637680054 0.24856239557266235 31.064455032348633 0.013354887254536152
6 10000 0.15621769428253174 0.2491658627986908 34.152069091796875 0.009494503028690815
6 10100 0.12370437383651733 0.2502197027206421 35.91914749145508 0.008482107892632484
6 10200 0.11661314219236374 0.24885103106498718 35.22121810913086 0.009052318520843983
6 10300 0.11472292989492416 0.24942657351493835 36.46776580810547 0.008221110329031944
6 10400 0.12888571619987488 0.24961483478546143 34.95217514038086 0.0102984718978405
6 10500 0.17137551307678223 0.24889826774597168 32.78570556640625 0.014422320760786533
6 10600 0.13609109818935394 0.24984422326087952 34.0128173828125 0.010014090687036514
7 10700 0.1367163211107254 0.24954339861869812 33.87406539916992 0.014653121121227741
7 10800 0.14293240010738373 0.24981485307216644 34.02516555786133 0.012228960171341896
7 10900 0.11268692463636398 0.2501552700996399 36.42181396484375 0.00629462581127882
7 11000 0.1113194078207016 0.2501763105392456 37.3948974609375 0.00668164249509573
7 11100 0.12150122970342636 0.2494969666004181 34.730430603027344 0.009999696165323257
7 11200 0.13595975935459137 0.24930910766124725 33.187477111816406 0.009618978947401047
7 11300 0.13838665187358856 0.24941310286521912 32.49858856201172 0.011764234863221645
7 11400 0.11515632271766663 0.2502582371234894 38.87743377685547 0.007580404635518789
7 11500 0.1725165843963623 0.24896931648254395 32.48558044433594 0.013686689548194408
7 11600 0.10498844087123871 0.24963180720806122 36.88377380371094 0.00709148682653904
7 11700 0.13767409324645996 0.24976536631584167 34.996238708496094 0.010237537324428558
7 11800 0.1565479040145874 0.24925515055656433 33.304039001464844 0.011907786130905151
7 11900 0.16800084710121155 0.25038671493530273 31.551597595214844 0.013729613274335861
7 12000 0.16090339422225952 0.24775156378746033 32.0338249206543 0.01126176118850708
7 12100 0.1185106560587883 0.24967306852340698 34.478431701660156 0.01426113210618496
7 12200 0.13017016649246216 0.24936142563819885 36.59765625 0.005755264777690172
7 12300 0.1297438144683838 0.249948188662529 35.3150520324707 0.008894859813153744
7 12400 0.13009744882583618 0.24895364046096802 34.978004455566406 0.012343615293502808
8 12500 0.1390531212091446 0.24938471615314484 32.8962287902832 0.010863112285733223
8 12600 0.09016446024179459 0.24975816905498505 37.67506408691406 0.00888096820563078
8 12700 0.1821567416191101 0.2503020167350769 34.246009826660156 0.008784090168774128
8 12800 0.1379058063030243 0.24962669610977173 33.37505340576172 0.01155105885118246
8 12900 0.13631756603717804 0.24911868572235107 36.00061798095703 0.011472410522401333
8 13000 0.12268760800361633 0.24941164255142212 34.41254806518555 0.009447655640542507
8 13100 0.15230022370815277 0.24796490371227264 32.07502746582031 0.01157379150390625
8 13200 0.08933006227016449 0.2502448558807373 38.22212600708008 0.006471500266343355
8 13300 0.16607075929641724 0.24833467602729797 30.88686180114746 0.013870869763195515
8 13400 0.11680783331394196 0.24966630339622498 39.6917724609375 0.004028204828500748
8 13500 0.12735173106193542 0.24904870986938477 35.05896759033203 0.011994307860732079
8 13600 0.11535278707742691 0.24954578280448914 36.236331939697266 0.00938191544264555
8 13700 0.1053934097290039 0.24960479140281677 36.59286880493164 0.009465004317462444
8 13800 0.10201078653335571 0.24980691075325012 36.36314392089844 0.007669407408684492
8 13900 0.13898488879203796 0.24875512719154358 32.49684524536133 0.012128113768994808
8 14000 0.14473176002502441 0.24925707280635834 31.183645248413086 0.010402919724583626
8 14100 0.11190937459468842 0.24973109364509583 36.06670379638672 0.007304544560611248
8 14200 0.12056584656238556 0.24934537708759308 35.66045379638672 0.0078080701641738415
9 14300 0.12181243300437927 0.24900925159454346 34.55213928222656 0.01188749261200428
9 14400 0.1766764521598816 0.25012511014938354 37.06401062011719 0.007197889033704996
9 14500 0.13432252407073975 0.24905145168304443 33.65592956542969 0.009902479127049446
9 14600 0.13247506320476532 0.24998687207698822 34.361629486083984 0.010505442507565022
9 14700 0.09602972865104675 0.2493235319852829 36.81049728393555 0.0061751133762300014
9 14800 0.1476585865020752 0.25088468194007874 32.94501495361328 0.009968766011297703
9 14900 0.12978225946426392 0.24963711202144623 33.843753814697266 0.01254194788634777
9 15000 0.12687891721725464 0.24804607033729553 34.25105285644531 0.01154028158634901
9 15100 0.13662686944007874 0.24935343861579895 33.51768112182617 0.013665272854268551
9 15200 0.14502671360969543 0.248963862657547 32.56761169433594 0.012691130861639977
9 15300 0.18915443122386932 0.24890168011188507 33.39753723144531 0.01108008436858654
9 15400 0.13283325731754303 0.2490396797657013 35.89689254760742 0.007106729317456484
9 15500 0.14466050267219543 0.2492161989212036 32.95741653442383 0.011484596878290176
9 15600 0.12665998935699463 0.24975484609603882 34.856956481933594 0.007002457045018673
9 15700 0.1290246546268463 0.24953943490982056 35.74818420410156 0.0104636549949646
9 15800 0.1769791841506958 0.24831491708755493 32.32220458984375 0.010470006614923477
9 15900 0.12432235479354858 0.2488044798374176 33.416297912597656 0.012907669879496098
10 16000 0.13672327995300293 0.24880577623844147 33.190364837646484 0.013092965818941593
10 16100 0.11723967641592026 0.24911712110042572 34.800437927246094 0.008553116582334042
10 16200 0.11467402428388596 0.24870020151138306 34.72904968261719 0.011425914242863655
10 16300 0.10194472968578339 0.24959169328212738 36.084320068359375 0.009361735545098782
10 16400 0.12588909268379211 0.24873414635658264 34.44111633300781 0.010368960909545422
10 16500 0.13904450833797455 0.24883100390434265 34.743499755859375 0.007915379479527473
10 16600 0.11841259896755219 0.2492174506187439 34.757713317871094 0.01085614413022995
10 16700 0.11194682121276855 0.24962440133094788 35.63150405883789 0.00968877226114273
10 16800 0.12172486633062363 0.24821163713932037 33.70998764038086 0.01047450490295887
10 16900 0.1026025041937828 0.2495209276676178 36.30024719238281 0.008593276143074036
10 17000 0.07971644401550293 0.2505260109901428 39.77703094482422 0.004755530972033739
10 17100 0.11564227938652039 0.24879670143127441 35.104549407958984 0.01047228928655386
10 17200 0.1251300871372223 0.2488362342119217 35.3215217590332 0.007448858115822077
10 17300 0.13849198818206787 0.24863779544830322 33.68982696533203 0.010589834302663803
10 17400 0.13381421566009521 0.24896574020385742 34.80023193359375 0.011521442793309689
10 17500 0.11678244173526764 0.24943314492702484 36.177127838134766 0.009045380167663097
10 17600 0.10535972565412521 0.2487800121307373 36.75645446777344 0.008160261437296867
10 17700 0.12048022449016571 0.24831673502922058 34.84843063354492 0.013197153806686401
11 17800 0.11504994332790375 0.2501593232154846 34.125938415527344 0.01033196970820427
11 17900 0.09376189112663269 0.2499949336051941 37.02354431152344 0.008239437825977802
11 18000 0.10366333276033401 0.24910759925842285 36.061283111572266 0.010025565512478352
11 18100 0.12641143798828125 0.24917103350162506 34.16058349609375 0.013323151506483555
11 18200 0.11937981843948364 0.2498178482055664 36.052547454833984 0.009044171310961246
11 18300 0.12258275598287582 0.24879969656467438 35.609642028808594 0.01083624828606844
11 18400 0.07940605282783508 0.24966958165168762 40.14862060546875 0.0051035708747804165
11 18500 0.10589665174484253 0.2495843768119812 36.50408935546875 0.007798272650688887
11 18600 0.13294419646263123 0.24909745156764984 33.19580078125 0.012907804921269417
11 18700 0.17366251349449158 0.2496016025543213 34.67108154296875 0.012346800416707993
11 18800 0.08360878378152847 0.24954292178153992 38.435123443603516 0.006336608435958624
11 18900 0.10817406326532364 0.24859559535980225 35.315242767333984 0.009174974635243416
11 19000 0.12450338155031204 0.24922823905944824 34.15254211425781 0.01048356294631958
11 19100 0.1450069397687912 0.24870672821998596 33.713050842285156 0.011652962304651737
11 19200 0.10808409750461578 0.24897177517414093 36.94865798950195 0.007168706506490707
11 19300 0.11545189470052719 0.24853667616844177 34.607940673828125 0.011411731131374836
11 19400 0.14102745056152344 0.24837538599967957 32.89268112182617 0.012217874638736248
11 19500 0.11035043001174927 0.24936994910240173 34.69409942626953 0.009947176091372967
12 19600 0.13577717542648315 0.2484719455242157 33.942901611328125 0.011311046779155731
12 19700 0.10785391926765442 0.2489319145679474 35.7138671875 0.010455184616148472
12 19800 0.10839490592479706 0.24959608912467957 36.59211730957031 0.006969735492020845
12 19900 0.12859687209129333 0.24807390570640564 32.85042953491211 0.01534203253686428
12 20000 0.08719705045223236 0.24949273467063904 37.885047912597656 0.011560601182281971
12 20100 0.13145455718040466 0.24840766191482544 33.21721649169922 0.011454888619482517
12 20200 0.1064973771572113 0.24861660599708557 36.69316482543945 0.007836778648197651
12 20300 0.11734621971845627 0.24913392961025238 34.58326721191406 0.00931644905358553
12 20400 0.11325889080762863 0.24904483556747437 35.57882308959961 0.008428135886788368
12 20500 0.13067997992038727 0.2490532100200653 35.893890380859375 0.007668254431337118
12 20600 0.08155596256256104 0.24981150031089783 39.38132858276367 0.006693277508020401
12 20700 0.10718762874603271 0.2490452527999878 36.122074127197266 0.00801526103168726
